Chr	Start	End
1	15937076	16069418
1	16119771	17021138
1	22539046	26966818
1	38472886	40379850
1	47078177	50057426
1	55259756	55396138
1	71848306	72350394
1	88638760	88904687
1	90813044	95047587
2	9890166	13411225
2	27366556	28035273
2	28246133	29839570
2	55325381	58384394
2	63897151	64043648
2	64218639	64784574
2	66696730	69527656
2	74228539	78942271
2	81336425	84170290
3	37172756	41992103
3	54369910	55074485
3	69596912	74348506
4	17112	4258236
4	6223614	6425277
4	15849767	16918197
4	17858900	18815510
4	45664659	45743508
4	58591926	59647887
4	59813010	59953839
4	66482908	67007235
4	72297257	72561411
4	73676903	73758088
4	83708251	85983005
4	106018897	106193024
4	113657341	113889320
5	7674802	9143490
5	27214378	27287454
5	51636267	55590501
5	58003271	60293911
5	89545151	93920010
5	119212170	121175859
6	8617907	11875487
6	12296402	12391211
6	32408331	34959851
6	35635217	35816425
6	37962382	37978802
6	39259257	39300440
6	48578627	51492985
6	53581208	53787963
6	63402550	67423466
6	85838311	86207116
6	91636147	91660390
6	96654485	97475077
6	104320493	104423445
7	169828	233662
7	9434503	11402583
7	22890277	23166779
7	23868219	24693994
7	28542358	28657444
7	33119399	35366992
7	70621019	70822690
7	77854696	82546140
7	86053351	88572978
7	93224876	93263102
7	93522200	95027313
7	105279874	109027529
7	112479572	112610067
8	93276825	95307289
9	15916463	18416803
9	30939888	30966432
9	35343932	36391522
9	47208243	48175366
9	85753001	85927793
