CNVR_ID	Chr	Start	End	Frequency	n_Sample
CNVR_1	1	835371	1363932	11	11
CNVR_2	1	4784221	4834622	1	1
CNVR_3	1	6154638	6236417	2	2
CNVR_4	1	6521869	6643841	3	3
CNVR_5	1	9038916	9080890	1	1
CNVR_6	1	14876816	14961941	1	1
CNVR_7	1	15103954	15207398	1	1
CNVR_8	1	15491288	15605365	2	2
CNVR_9	1	15937076	16069418	1	1
CNVR_10	1	16119771	17021138	19	19
CNVR_11	1	17354497	17685698	8	8
CNVR_12	1	22780117	22841754	1	1
CNVR_13	1	24980365	24994877	1	1
CNVR_14	1	30224415	30414871	3	3
CNVR_15	1	31038475	31269020	4	4
CNVR_16	1	31641787	31670765	1	1
CNVR_17	1	33149633	33176151	1	1
CNVR_18	1	37713094	37781476	12	12
CNVR_19	1	38352766	38403540	1	1
CNVR_20	1	38738078	38863022	3	3
CNVR_21	1	39120497	39201041	1	1
CNVR_22	1	39500943	39595785	2	2
CNVR_23	1	39849645	39910369	1	1
CNVR_24	1	40018323	40068132	1	1
CNVR_25	1	40353369	40379850	2	2
CNVR_26	1	44526250	44542735	1	1
CNVR_27	1	45423220	45479172	1	1
CNVR_28	1	49230292	49433920	2	2
CNVR_29	1	51169451	51211635	1	1
CNVR_30	1	55259756	55396138	1	1
CNVR_31	1	70590429	71015840	3	3
CNVR_32	1	71602911	71651658	1	1
CNVR_33	1	71848306	72217907	3	3
CNVR_34	1	76322131	76347831	1	1
CNVR_35	1	81933912	82007029	8	8
CNVR_36	1	84345904	84424501	6	6
CNVR_37	1	84660080	84897864	7	7
CNVR_38	1	88689962	88904687	2	2
CNVR_39	1	91350265	91460563	13	13
CNVR_40	1	95549663	95571642	1	1
CNVR_41	1	101686457	101752491	1	1
CNVR_42	1	102155986	102211862	1	1
CNVR_43	1	104804260	104881796	1	1
CNVR_44	1	105018867	105084197	1	1
CNVR_45	1	105405603	105603997	1	1
CNVR_46	1	105754655	105922886	1	1
CNVR_47	1	106062371	106295981	1	1
CNVR_48	1	123954981	124246283	2	2
CNVR_49	1	127518399	127749327	7	7
CNVR_50	1	155772311	155802431	1	1
CNVR_369	10	2326007	2335938	3	3
CNVR_370	10	6775423	6918607	1	1
CNVR_371	10	9086487	9319944	2	2
CNVR_372	10	10405527	10598785	2	2
CNVR_373	10	11278001	11484520	6	6
CNVR_374	10	13180019	13252429	2	2
CNVR_375	10	14129663	14200836	1	1
CNVR_376	10	18743955	18882288	2	2
CNVR_377	10	19017657	19095908	1	1
CNVR_378	10	19589393	19631935	1	1
CNVR_379	10	22208708	22252878	1	1
CNVR_380	10	22709100	24602783	58	54
CNVR_381	10	24998515	25265627	1	1
CNVR_382	10	28081786	28104991	1	1
CNVR_383	10	30431807	30475998	1	1
CNVR_384	10	41754525	41812396	1	1
CNVR_385	10	42702663	42912594	3	3
CNVR_386	10	44556318	44773388	1	1
CNVR_387	10	45323831	45364839	1	1
CNVR_388	10	45465423	45864066	2	2
CNVR_389	10	46548679	46598505	1	1
CNVR_390	10	46665928	46694410	1	1
CNVR_391	10	51307984	51409033	1	1
CNVR_392	10	53716124	53858411	1	1
CNVR_393	10	55708101	55773163	3	3
CNVR_394	10	55993255	56015779	1	1
CNVR_395	10	70258844	70279755	1	1
CNVR_396	10	70813663	70948919	2	2
CNVR_397	10	74818051	74844181	3	3
CNVR_398	10	78857995	79609792	2	2
CNVR_399	10	85649939	85681663	1	1
CNVR_400	10	87623949	87803366	2	2
CNVR_401	10	93072865	93209190	1	1
CNVR_402	10	96019445	96065191	4	4
CNVR_403	10	99558858	99578526	1	1
CNVR_404	10	101705094	101774038	3	3
CNVR_405	10	104060555	104169157	3	3
CNVR_406	11	4164802	4225930	2	2
CNVR_407	11	4895956	5024435	1	1
CNVR_408	11	9651152	9723257	1	1
CNVR_409	11	10557842	10630544	1	1
CNVR_410	11	14754856	15310374	2	2
CNVR_411	11	18657945	18761593	1	1
CNVR_412	11	20307979	20350454	7	7
CNVR_413	11	21273832	21411953	1	1
CNVR_414	11	21729651	21787561	1	1
CNVR_415	11	24539772	24571828	1	1
CNVR_416	11	26002816	26778035	2	2
CNVR_417	11	30508351	30551963	1	1
CNVR_418	11	31967781	32045073	1	1
CNVR_419	11	34053470	34147377	1	1
CNVR_420	11	34273579	34450957	1	1
CNVR_421	11	39888471	39917946	1	1
CNVR_422	11	40875595	40926195	1	1
CNVR_423	11	48066628	48307936	1	1
CNVR_424	11	50330158	50376330	1	1
CNVR_425	11	51893364	51959170	2	2
CNVR_426	11	52294718	52589176	1	1
CNVR_427	11	52843813	53132515	1	1
CNVR_428	11	57227882	57458664	2	2
CNVR_429	11	57882097	58442169	14	14
CNVR_430	11	59819328	59953372	1	1
CNVR_431	11	62308426	62392223	4	4
CNVR_432	11	67016791	67092069	1	1
CNVR_433	11	73292193	73361709	1	1
CNVR_434	11	86965492	87049822	1	1
CNVR_435	11	94181367	94358420	3	3
CNVR_436	11	103264921	107282960	72	55
CNVR_437	12	656896	965897	3	3
CNVR_438	12	3070920	3133307	1	1
CNVR_439	12	7706111	7992972	6	6
CNVR_440	12	8987624	9079069	4	4
CNVR_441	12	10027493	10140443	5	5
CNVR_442	12	16187847	16218277	1	1
CNVR_443	12	18096610	18115848	1	1
CNVR_444	12	18472407	18621312	2	2
CNVR_445	12	18961923	19094374	3	3
CNVR_446	12	24668970	24744439	1	1
CNVR_447	12	32089643	32251435	91	91
CNVR_448	12	41433032	41774341	5	5
CNVR_449	12	42161347	42268880	1	1
CNVR_450	12	42447248	43268811	21	21
CNVR_451	12	44945392	45196682	3	3
CNVR_452	12	45803408	45870499	3	3
CNVR_453	12	48956332	49095991	2	2
CNVR_454	12	49318748	49360921	3	3
CNVR_455	12	52546816	52734777	2	2
CNVR_456	12	55525519	55583608	1	1
CNVR_457	12	57683012	57803744	2	2
CNVR_458	12	58058087	58674770	49	48
CNVR_459	12	59108123	59239590	6	6
CNVR_460	12	60314821	60568356	6	6
CNVR_461	12	61608282	61759245	3	3
CNVR_462	12	61940033	61985662	1	1
CNVR_463	12	63477827	63808345	5	5
CNVR_464	12	63877940	63924613	2	2
CNVR_465	12	64265529	64338643	1	1
CNVR_466	12	64423410	64479833	1	1
CNVR_467	12	64866107	64977456	2	2
CNVR_468	12	70488515	70618867	15	15
CNVR_469	12	70776064	70868927	2	2
CNVR_470	12	72419043	72819475	29	29
CNVR_471	12	73363460	73497775	8	8
CNVR_472	12	75255512	76140566	58	52
CNVR_473	12	76710313	76761259	3	3
CNVR_474	12	82146455	82234423	26	26
CNVR_475	12	84170413	84219769	1	1
CNVR_476	12	84979353	85040905	1	1
CNVR_477	12	85134208	85153361	1	1
CNVR_478	12	87614984	87713590	1	1
CNVR_479	12	90077862	90704572	4	4
CNVR_480	12	90805949	90841961	1	1
CNVR_481	13	10898488	10947084	1	1
CNVR_482	13	12337975	12436043	3	3
CNVR_483	13	12543348	12808180	2	2
CNVR_484	13	18066756	18175649	2	2
CNVR_485	13	20225194	20545039	9	9
CNVR_486	13	21837701	21849615	4	4
CNVR_487	13	25949166	26092531	4	4
CNVR_488	13	27768125	27856692	2	2
CNVR_489	13	31136924	31199165	1	1
CNVR_490	13	32353276	32449211	4	4
CNVR_491	13	32511358	32549797	1	1
CNVR_492	13	34088214	34218693	1	1
CNVR_493	13	35528832	35615849	1	1
CNVR_494	13	36918152	37145268	1	1
CNVR_495	13	40972213	41035630	2	2
CNVR_496	13	41678593	41693700	11	11
CNVR_497	13	43643509	43790405	42	42
CNVR_498	13	46502709	46530325	2	2
CNVR_499	13	50407864	50607191	2	2
CNVR_500	13	53933240	54043428	2	2
CNVR_501	13	54663649	55426095	8	8
CNVR_502	13	55594826	55613243	3	3
CNVR_503	13	57876144	58099969	1	1
CNVR_504	13	66717189	66727403	1	1
CNVR_505	13	67490759	67530414	1	1
CNVR_506	13	78238893	78282460	5	5
CNVR_507	13	82264829	82287584	1	1
CNVR_508	14	1651311	2239085	6	6
CNVR_509	14	2264522	2488265	4	4
CNVR_510	14	3153520	3548691	1	1
CNVR_511	14	3620640	3685543	1	1
CNVR_512	14	19993440	20421717	6	6
CNVR_513	14	23638459	23685731	2	2
CNVR_514	14	26794576	26810988	1	1
CNVR_515	14	26841503	26905915	2	2
CNVR_516	14	27408939	27463991	4	4
CNVR_517	14	33417077	33510162	1	1
CNVR_518	14	41433649	41518493	1	1
CNVR_519	14	53328003	53371542	1	1
CNVR_520	14	55219280	55910671	6	6
CNVR_521	14	60215944	60249222	1	1
CNVR_522	14	66725671	67048933	1	1
CNVR_523	14	74372426	74414864	1	1
CNVR_524	14	77329830	77390927	1	1
CNVR_525	14	78336871	78386690	30	30
CNVR_526	14	79178022	79315318	2	2
CNVR_527	14	80422782	80603981	5	5
CNVR_528	14	81097513	81125493	1	1
CNVR_529	14	81584369	81647927	2	2
CNVR_530	14	83652503	83853220	1	1
CNVR_531	14	84594318	84628243	1	1
CNVR_532	15	192584	430394	5	5
CNVR_533	15	2551329	2576339	5	5
CNVR_534	15	3212853	3369565	5	5
CNVR_535	15	3996271	4071222	1	1
CNVR_536	15	6612281	6679978	1	1
CNVR_537	15	10991066	11197384	2	2
CNVR_538	15	11439502	11715623	4	4
CNVR_539	15	11967665	12088152	4	4
CNVR_540	15	20590237	20737282	2	2
CNVR_541	15	29871540	29985272	1	1
CNVR_542	15	38366974	38519493	1	1
CNVR_543	15	45172230	45214807	1	1
CNVR_544	15	45479580	45540133	1	1
CNVR_545	15	46539222	46605212	4	4
CNVR_546	15	46651173	46975690	8	8
CNVR_547	15	47873132	47968279	10	10
CNVR_548	15	48022950	48075574	1	1
CNVR_549	15	50409037	50444721	2	2
CNVR_550	15	52290626	52421203	1	1
CNVR_551	15	53963778	54005235	1	1
CNVR_552	15	56546863	56736391	2	2
CNVR_553	15	57620485	57733709	1	1
CNVR_554	15	62630856	62647758	1	1
CNVR_555	15	69070978	69124726	1	1
CNVR_556	15	70597937	70921852	2	2
CNVR_557	15	71069477	71363838	5	5
CNVR_558	15	74297570	74365136	1	1
CNVR_559	15	74461397	74518742	1	1
CNVR_560	15	80033854	80069939	1	1
CNVR_561	15	80280657	80842722	56	56
CNVR_562	15	80991339	81076017	3	3
CNVR_563	15	81488498	81513752	1	1
CNVR_564	15	85132419	85272311	1	1
CNVR_565	16	2306627	2321416	1	1
CNVR_566	16	5584314	6125517	16	16
CNVR_567	16	8405022	8457522	4	4
CNVR_568	16	10859069	10958964	1	1
CNVR_569	16	15118639	15537023	6	6
CNVR_570	16	16788521	16880383	3	3
CNVR_571	16	27091029	27164390	1	1
CNVR_572	16	28229247	28270797	1	1
CNVR_573	16	28863840	28949332	2	2
CNVR_574	16	30962706	31255320	1	1
CNVR_575	16	33515802	33613674	1	1
CNVR_576	16	34094009	34354132	6	6
CNVR_577	16	50414751	50966489	4	4
CNVR_578	16	51095203	51214395	2	2
CNVR_579	16	51267407	51460884	1	1
CNVR_580	16	56668701	56803437	3	3
CNVR_581	16	57829170	57855149	1	1
CNVR_582	16	61020819	61064265	1	1
CNVR_583	16	61995348	62220133	18	18
CNVR_584	16	63687923	63721883	1	1
CNVR_585	16	70882322	70906202	1	1
CNVR_586	16	71349209	71431541	1	1
CNVR_587	16	78059640	78134822	1	1
CNVR_588	16	78498476	78553509	1	1
CNVR_589	17	6780652	6834140	2	2
CNVR_590	17	6875650	7144481	3	3
CNVR_591	17	8815216	8940106	3	3
CNVR_592	17	21319214	21627514	4	4
CNVR_593	17	22889724	23431642	9	9
CNVR_594	17	23903929	23942252	1	1
CNVR_595	17	24308458	24539327	4	4
CNVR_596	17	26793994	26896170	1	1
CNVR_597	17	27097698	27452276	7	7
CNVR_598	17	32096554	32160025	1	1
CNVR_599	17	34933710	35050237	1	1
CNVR_600	17	39437952	39505279	1	1
CNVR_601	17	42422307	42685587	4	4
CNVR_602	17	55118382	55314133	2	2
CNVR_603	17	56310258	56514551	1	1
CNVR_604	17	59344670	59449631	7	7
CNVR_605	17	60881278	61082159	1	1
CNVR_606	17	67975896	68052478	1	1
CNVR_607	17	73291697	75132928	47	40
CNVR_608	18	2698908	2840354	1	1
CNVR_609	18	5593975	5684886	1	1
CNVR_610	18	12418878	12519571	1	1
CNVR_611	18	13346768	13415468	1	1
CNVR_612	18	13811610	13974114	1	1
CNVR_613	18	15547815	15883183	2	2
CNVR_614	18	16836655	16869103	1	1
CNVR_615	18	25906797	26085825	1	1
CNVR_616	18	27235807	27304159	2	2
CNVR_617	18	27529633	27649787	2	2
CNVR_618	18	27983784	28308045	2	2
CNVR_619	18	36757115	36895563	1	1
CNVR_620	18	48200818	48217729	1	1
CNVR_621	18	57516245	57565406	1	1
CNVR_622	18	61156737	61172967	1	1
CNVR_623	18	61206414	61241191	1	1
CNVR_624	18	63359526	63423120	1	1
CNVR_625	18	63672441	63710811	1	1
CNVR_626	18	65892176	65999195	5	5
CNVR_627	19	3247474	3273393	1	1
CNVR_628	19	7761493	7856040	12	12
CNVR_629	19	9896033	9980268	8	8
CNVR_630	19	10114361	10377677	1	1
CNVR_631	19	10426372	10457357	1	1
CNVR_632	19	11049355	11199299	2	2
CNVR_633	19	11341602	11435269	1	1
CNVR_634	19	11516852	11672305	3	3
CNVR_635	19	12506188	12592024	1	1
CNVR_636	19	13992324	14062783	1	1
CNVR_637	19	14543123	14606603	2	2
CNVR_638	19	18232821	18299083	2	2
CNVR_639	19	18351965	18467274	1	1
CNVR_640	19	18943093	19047484	1	1
CNVR_641	19	24752222	24812617	1	1
CNVR_642	19	27602402	27643677	2	2
CNVR_643	19	32113206	32239821	1	1
CNVR_644	19	39064320	39126656	1	1
CNVR_645	19	42064863	42089455	1	1
CNVR_646	19	46723662	46908534	2	2
CNVR_647	19	47507587	47649610	1	1
CNVR_648	19	48050643	48389861	3	3
CNVR_649	19	49621708	49818910	1	1
CNVR_650	19	51370101	51720852	3	3
CNVR_651	19	52740740	52872517	4	4
CNVR_652	19	55101341	55191677	1	1
CNVR_653	19	56129958	56136270	1	1
CNVR_654	19	56955428	56993243	1	1
CNVR_51	2	160777	211641	1	1
CNVR_52	2	2254298	2303356	5	5
CNVR_53	2	4720583	4792312	1	1
CNVR_54	2	8933349	9454144	15	15
CNVR_55	2	10192170	10306844	1	1
CNVR_56	2	11210592	11263622	1	1
CNVR_57	2	12236359	12303941	3	3
CNVR_58	2	19335330	19423385	2	2
CNVR_59	2	24714894	25093953	4	4
CNVR_60	2	25438405	25638543	3	3
CNVR_61	2	26362611	26460035	9	9
CNVR_62	2	26581537	26663654	1	1
CNVR_63	2	27366556	28035273	24	23
CNVR_64	2	29773324	29812959	1	1
CNVR_65	2	33138898	33255910	1	1
CNVR_66	2	35852731	35898373	3	3
CNVR_67	2	36438945	36483235	1	1
CNVR_68	2	41251021	41304807	2	2
CNVR_69	2	42042712	42293689	1	1
CNVR_70	2	48116316	48169527	1	1
CNVR_71	2	53200694	53749577	5	5
CNVR_72	2	56062423	56284958	3	3
CNVR_73	2	56357825	56394043	1	1
CNVR_74	2	56456865	56539467	2	2
CNVR_75	2	57481115	57545373	3	3
CNVR_76	2	62666783	62708028	1	1
CNVR_77	2	63897151	64043648	36	36
CNVR_78	2	64242565	64674458	1	1
CNVR_79	2	67098288	67165879	1	1
CNVR_80	2	68231252	68573495	2	2
CNVR_81	2	70866552	70957217	1	1
CNVR_82	2	77705241	77763225	1	1
CNVR_83	2	78221995	78556325	6	6
CNVR_84	2	81705800	81865382	3	3
CNVR_85	2	81996941	82059515	1	1
CNVR_86	2	98416238	98490521	2	2
CNVR_87	2	109500850	109537765	1	1
CNVR_88	2	111090957	111229939	1	1
CNVR_89	2	113716333	113946668	1	1
CNVR_90	2	115322601	115334808	9	9
CNVR_91	2	116287862	116325646	4	4
CNVR_92	2	120123192	120174934	4	4
CNVR_93	2	124336317	124398570	11	11
CNVR_94	2	129657387	129705588	2	2
CNVR_95	2	130381668	130511453	1	1
CNVR_655	20	1097986	1196509	8	8
CNVR_656	20	2695880	2886118	6	6
CNVR_657	20	4349864	4395656	1	1
CNVR_658	20	6385223	6505111	1	1
CNVR_659	20	6658421	6736039	1	1
CNVR_660	20	9944380	9990379	1	1
CNVR_661	20	10315515	10424451	1	1
CNVR_662	20	11339161	11383301	1	1
CNVR_663	20	12042259	12066568	1	1
CNVR_664	20	16892519	16939858	1	1
CNVR_665	20	19520788	19630317	3	3
CNVR_666	20	21859742	21930618	1	1
CNVR_667	20	22292215	22462915	2	2
CNVR_668	20	23825955	23886196	1	1
CNVR_669	20	25535571	25597446	1	1
CNVR_670	20	33627823	33725417	2	2
CNVR_671	20	35249040	35502694	3	3
CNVR_672	20	36840675	37297072	4	4
CNVR_673	20	43217538	43381899	2	2
CNVR_674	20	43781018	43889666	1	1
CNVR_675	20	44211339	44237027	1	1
CNVR_676	20	44800524	44838496	1	1
CNVR_677	20	45966446	46107652	3	3
CNVR_678	20	47032305	47299949	8	8
CNVR_679	20	49339693	49592680	3	3
CNVR_680	20	50382552	50387798	1	1
CNVR_681	20	51611016	52183095	6	6
CNVR_682	20	53097198	53364573	2	2
CNVR_683	20	53717692	53855915	1	1
CNVR_684	20	54584766	54833709	3	3
CNVR_685	20	59957296	60129830	4	4
CNVR_686	20	61290583	61392361	6	6
CNVR_687	20	67627454	67680263	1	1
CNVR_688	20	68416149	68509279	1	1
CNVR_689	20	70752003	71971771	34	32
CNVR_690	21	5660254	5690539	1	1
CNVR_691	21	12262664	12408772	1	1
CNVR_692	21	18061757	18077750	1	1
CNVR_693	21	21744615	21859000	1	1
CNVR_694	21	22611195	22668633	1	1
CNVR_695	21	29654748	29762241	1	1
CNVR_696	21	30881502	30908358	1	1
CNVR_697	21	31741962	31817000	1	1
CNVR_698	21	32565592	32669870	1	1
CNVR_699	21	33084547	33113989	1	1
CNVR_700	21	33460066	33515083	4	4
CNVR_701	21	35167547	35248081	1	1
CNVR_702	21	37926564	37993399	7	7
CNVR_703	21	42275591	42357276	2	2
CNVR_704	21	51126328	51138460	1	1
CNVR_705	21	52335388	52490155	4	4
CNVR_706	21	52771584	53268658	2	2
CNVR_707	21	53743008	53779256	1	1
CNVR_708	21	54181213	54208626	2	2
CNVR_709	21	57072442	57114065	1	1
CNVR_710	21	66679072	66729354	1	1
CNVR_711	21	67413039	67542721	1	1
CNVR_712	21	70294301	71573501	15	13
CNVR_713	22	7124637	7186161	1	1
CNVR_714	22	9165638	9429836	1	1
CNVR_715	22	16248045	16342830	1	1
CNVR_716	22	17654297	17750153	1	1
CNVR_717	22	27856677	27911829	1	1
CNVR_718	22	32599934	32629919	1	1
CNVR_719	22	34085996	34114438	1	1
CNVR_720	22	48712118	48846711	4	4
CNVR_721	22	49462432	49739973	1	1
CNVR_722	22	58896426	59642976	3	3
CNVR_723	22	60038437	60143914	3	3
CNVR_724	22	60272991	61378199	9	9
CNVR_725	23	14580054	14873800	1	1
CNVR_726	23	16536674	16612406	2	2
CNVR_727	23	26180182	26369699	16	16
CNVR_728	23	27759950	27903991	5	5
CNVR_729	23	28341860	28413350	1	1
CNVR_730	23	29006685	29126339	2	2
CNVR_731	23	30383571	30574212	3	3
CNVR_732	23	30711619	30757886	1	1
CNVR_733	23	31338261	31726418	7	6
CNVR_734	23	32928987	32981013	1	1
CNVR_735	23	42992055	43047899	3	3
CNVR_736	23	52404772	52465632	2	2
CNVR_737	24	10184151	10269985	2	2
CNVR_738	24	11645293	11726699	1	1
CNVR_739	24	13158889	13331435	1	1
CNVR_740	24	13461216	13521424	1	1
CNVR_741	24	24582206	24620212	2	2
CNVR_742	24	26728443	26737286	1	1
CNVR_743	24	26829054	26838179	1	1
CNVR_744	24	26910934	26961305	1	1
CNVR_745	24	27068378	27073285	1	1
CNVR_746	24	27235930	27246218	1	1
CNVR_747	24	27284870	27347629	1	1
CNVR_748	24	27506389	27509823	2	2
CNVR_749	24	27610913	27621842	1	1
CNVR_750	24	27735133	27838377	1	1
CNVR_751	24	28060569	28175885	1	1
CNVR_752	24	38690535	38729638	1	1
CNVR_753	24	41829351	41970218	3	3
CNVR_754	24	42541228	42608970	2	2
CNVR_755	24	44116929	44155534	2	2
CNVR_756	24	50880573	50931360	1	1
CNVR_757	24	54164968	54204348	1	1
CNVR_758	24	60441853	60476719	1	1
CNVR_759	25	173462	1771425	49	43
CNVR_760	25	2317028	2424799	2	2
CNVR_761	25	9621091	9690819	4	4
CNVR_762	25	10109903	10139134	1	1
CNVR_763	25	13567579	13626127	1	1
CNVR_764	25	16557358	16647252	4	4
CNVR_765	25	36448529	36625127	3	3
CNVR_766	25	40387302	40436393	1	1
CNVR_767	25	41115465	42657417	16	14
CNVR_768	26	2965846	3087092	2	2
CNVR_769	26	11332743	11443033	1	1
CNVR_770	26	13758800	13814193	1	1
CNVR_771	26	15851149	15868599	7	7
CNVR_772	26	22037112	22215515	1	1
CNVR_773	26	25691560	25776777	4	4
CNVR_774	26	28646529	28784693	2	2
CNVR_775	26	30940158	30963937	1	1
CNVR_776	26	35852738	36025446	6	6
CNVR_777	26	36158390	36236584	1	1
CNVR_778	26	48187132	48223351	1	1
CNVR_779	26	50803545	51625550	21	19
CNVR_780	27	8771109	8848885	3	3
CNVR_781	27	9096031	9536610	1	1
CNVR_782	27	9797323	10072578	9	9
CNVR_783	27	10697257	10767551	3	3
CNVR_784	27	21676934	21738070	1	1
CNVR_785	27	22621161	22705701	1	1
CNVR_786	27	26393469	26444012	1	1
CNVR_787	27	29547672	29621503	3	3
CNVR_788	27	33821790	33926784	1	1
CNVR_789	27	43766200	43816848	2	2
CNVR_790	27	45256006	45388171	1	1
CNVR_791	28	1130202	1166081	1	1
CNVR_792	28	2343606	2485319	3	3
CNVR_793	28	2676437	2796204	1	1
CNVR_794	28	3637555	3648435	2	2
CNVR_795	28	8022387	8200649	4	4
CNVR_796	28	8573287	8598618	1	1
CNVR_797	28	12221515	12268860	1	1
CNVR_798	28	19140712	19509353	1	1
CNVR_799	28	19587121	19643454	4	4
CNVR_800	28	21762976	21892074	1	1
CNVR_801	28	22941657	23075883	1	1
CNVR_802	28	24480443	25386457	12	11
CNVR_803	28	28613311	29445044	4	4
CNVR_804	28	30030868	30587017	2	2
CNVR_805	28	33847185	33897208	1	1
CNVR_806	28	35051834	35113955	3	3
CNVR_807	28	44421318	44824205	3	3
CNVR_808	29	9461170	9542296	1	1
CNVR_809	29	16907482	16937536	1	1
CNVR_810	29	19397260	19484418	1	1
CNVR_811	29	19758698	19778769	1	1
CNVR_812	29	19852162	19865090	1	1
CNVR_813	29	21608543	21637641	1	1
CNVR_814	29	21852752	21987120	11	11
CNVR_815	29	30113625	30132438	2	2
CNVR_816	29	31413726	31529635	12	12
CNVR_817	29	31693910	31734709	1	1
CNVR_818	29	39218128	39328350	1	1
CNVR_819	29	46062895	46073378	1	1
CNVR_820	29	46703510	46800709	4	4
CNVR_821	29	49261366	51492483	17	15
CNVR_96	3	413387	471545	1	1
CNVR_97	3	16821631	16881296	2	2
CNVR_98	3	20480189	20541753	1	1
CNVR_99	3	20732147	20802121	1	1
CNVR_100	3	20937478	21044052	1	1
CNVR_101	3	28955936	29082177	1	1
CNVR_102	3	31748152	31808404	1	1
CNVR_103	3	32349008	32634203	1	1
CNVR_104	3	34421834	34501432	1	1
CNVR_105	3	37394538	38077128	15	15
CNVR_106	3	39393293	39599273	3	3
CNVR_107	3	43068469	43433688	2	2
CNVR_108	3	46842537	46922624	1	1
CNVR_109	3	52147508	52212857	1	1
CNVR_110	3	52415820	52559046	7	7
CNVR_111	3	54369910	54956792	33	32
CNVR_112	3	55017187	55074485	1	1
CNVR_113	3	55240336	55289372	1	1
CNVR_114	3	56770061	56845685	1	1
CNVR_115	3	59109464	59128666	2	2
CNVR_116	3	67214358	67348877	1	1
CNVR_117	3	68393127	68432145	1	1
CNVR_118	3	69252656	69315385	1	1
CNVR_119	3	69968011	69990091	1	1
CNVR_120	3	71760025	71836680	1	1
CNVR_121	3	91046714	91056753	1	1
CNVR_122	3	95427776	95625202	12	12
CNVR_123	3	100880075	101202890	5	4
CNVR_124	3	106508411	106543574	3	3
CNVR_125	3	106808144	106833383	1	1
CNVR_126	3	110334180	110449617	1	1
CNVR_127	3	110558160	110617198	1	1
CNVR_128	3	110807418	111021216	1	1
CNVR_129	3	120478760	121383238	13	13
CNVR_130	4	154509	593711	2	2
CNVR_131	4	1578815	2179003	2	2
CNVR_132	4	5733619	5785559	5	5
CNVR_133	4	6248795	6425277	45	45
CNVR_134	4	7285114	7366793	1	1
CNVR_135	4	7708368	7839646	10	10
CNVR_136	4	9094103	9324270	1	1
CNVR_137	4	10876079	11247247	1	1
CNVR_138	4	15994002	16260752	2	2
CNVR_139	4	17880252	18006342	22	22
CNVR_140	4	21094149	21413167	1	1
CNVR_141	4	22420101	22528691	1	1
CNVR_142	4	23849498	23883976	1	1
CNVR_143	4	30200987	30242853	1	1
CNVR_144	4	31032359	31075631	1	1
CNVR_145	4	45664659	45743508	2	2
CNVR_146	4	48688283	48870790	4	4
CNVR_147	4	58920558	58960252	1	1
CNVR_148	4	59216486	59237153	1	1
CNVR_149	4	59834826	59953839	2	2
CNVR_150	4	62606492	62638018	1	1
CNVR_151	4	66499835	66854427	38	38
CNVR_152	4	67183757	67234109	2	2
CNVR_153	4	68918325	69107262	1	1
CNVR_154	4	69631486	69751713	1	1
CNVR_155	4	72297257	72505313	24	24
CNVR_156	4	73676903	73758088	32	32
CNVR_157	4	73957393	74042008	1	1
CNVR_158	4	74387681	74466214	2	2
CNVR_159	4	77431071	77495451	1	1
CNVR_160	4	82522220	82580198	1	1
CNVR_161	4	83840022	83863944	1	1
CNVR_162	4	84095658	84328756	2	2
CNVR_163	4	84541030	85094513	4	4
CNVR_164	4	85540665	85577545	1	1
CNVR_165	4	91225986	91263201	2	2
CNVR_166	4	92856133	92939988	1	1
CNVR_167	4	94785638	95069722	1	1
CNVR_168	4	95849454	95948437	1	1
CNVR_169	4	96770424	96823498	3	3
CNVR_170	4	97903366	98129316	1	1
CNVR_171	4	106071501	106142458	5	5
CNVR_172	4	106923986	106949831	3	3
CNVR_173	4	107241054	107253901	2	2
CNVR_174	4	113657341	113819352	10	10
CNVR_175	4	118143048	118259316	1	1
CNVR_176	4	119739577	119881451	2	2
CNVR_177	5	1464457	1506039	2	2
CNVR_178	5	8328961	8399818	1	1
CNVR_179	5	14894403	14953446	1	1
CNVR_180	5	27214378	27287454	1	1
CNVR_181	5	40804456	40939678	1	1
CNVR_182	5	41973739	42085647	1	1
CNVR_183	5	49999156	50032694	1	1
CNVR_184	5	50295303	50411994	2	2
CNVR_185	5	51182567	51436511	7	7
CNVR_186	5	52449737	53199157	3	3
CNVR_187	5	54844663	55324183	1	1
CNVR_188	5	56364658	56410718	1	1
CNVR_189	5	58390807	58420240	3	3
CNVR_190	5	59282478	59496240	1	1
CNVR_191	5	60090401	60293911	1	1
CNVR_192	5	60513092	60550857	1	1
CNVR_193	5	80005725	80105134	1	1
CNVR_194	5	83225843	83279905	1	1
CNVR_195	5	93611357	93669976	20	20
CNVR_196	5	94039619	94089800	1	1
CNVR_197	5	95822224	95908632	6	6
CNVR_198	5	98095718	98144559	1	1
CNVR_199	5	100518489	100543485	1	1
CNVR_200	5	102779831	102925813	1	1
CNVR_201	5	106514671	106581845	1	1
CNVR_202	5	107489920	107615276	1	1
CNVR_203	5	110295128	110313761	1	1
CNVR_204	5	112302390	112435212	2	2
CNVR_205	5	114576720	114598081	1	1
CNVR_206	5	115010779	115061022	5	5
CNVR_207	5	116073984	116109703	1	1
CNVR_208	5	118174364	118475383	2	2
CNVR_209	5	119212170	121175859	42	40
CNVR_210	6	363111	455000	3	3
CNVR_211	6	874205	905736	1	1
CNVR_212	6	3333704	3434626	1	1
CNVR_213	6	4123642	4156416	1	1
CNVR_214	6	9087392	9380908	20	20
CNVR_215	6	9908040	10105101	2	2
CNVR_216	6	10542071	10609153	1	1
CNVR_217	6	10973170	11537824	1	1
CNVR_218	6	12296402	12391211	3	3
CNVR_219	6	14930138	14972093	1	1
CNVR_220	6	19621013	19669809	1	1
CNVR_221	6	20198443	20229434	1	1
CNVR_222	6	25052272	25175118	6	6
CNVR_223	6	28625501	28733167	1	1
CNVR_224	6	29100916	29355660	3	3
CNVR_225	6	33509143	33781946	3	3
CNVR_226	6	35635217	35816425	1	1
CNVR_227	6	37962382	37978802	8	8
CNVR_228	6	38762470	38931436	9	9
CNVR_229	6	39259257	39300440	1	1
CNVR_230	6	49818590	49869527	1	1
CNVR_231	6	51007189	51065999	2	2
CNVR_232	6	53581208	53787963	1	1
CNVR_233	6	53863520	53915677	2	2
CNVR_234	6	55229280	55616565	1	1
CNVR_235	6	55796059	55852936	2	2
CNVR_236	6	56129705	56350739	5	5
CNVR_237	6	56481145	56563958	3	3
CNVR_238	6	56748407	56797342	1	1
CNVR_239	6	56903453	57301902	5	5
CNVR_240	6	60372126	60692672	2	2
CNVR_241	6	66209350	66472802	3	3
CNVR_242	6	68904846	69184582	2	2
CNVR_243	6	76687100	76788010	2	2
CNVR_244	6	77228984	77827925	10	10
CNVR_245	6	79273130	79426835	2	2
CNVR_246	6	79732129	79806828	1	1
CNVR_247	6	79901183	80276956	5	5
CNVR_248	6	80635533	80664740	4	4
CNVR_249	6	81244871	81802044	12	12
CNVR_250	6	84617088	84724544	7	7
CNVR_251	6	85838311	86012313	6	6
CNVR_252	6	86460153	86573379	2	2
CNVR_253	6	86756256	86786552	1	1
CNVR_254	6	90995336	91023863	2	2
CNVR_255	6	91636147	91660390	1	1
CNVR_256	6	92195532	92242383	1	1
CNVR_257	6	97169385	97475077	3	3
CNVR_258	6	104320493	104408900	1	1
CNVR_259	6	106834002	107602097	8	7
CNVR_260	6	108026956	108093276	1	1
CNVR_261	6	108349990	108455130	2	2
CNVR_262	6	108805685	109722791	10	9
CNVR_263	6	117087265	117148273	1	1
CNVR_264	6	118721760	119437258	4	4
CNVR_265	7	169828	233662	76	76
CNVR_266	7	983878	989660	2	2
CNVR_267	7	9771150	11340236	70	47
CNVR_268	7	14822852	14859746	1	1
CNVR_269	7	15090383	15165475	1	1
CNVR_270	7	15340773	15408372	2	2
CNVR_271	7	23053268	23090468	1	1
CNVR_272	7	23224806	23260788	1	1
CNVR_273	7	23269709	23298999	1	1
CNVR_274	7	23302973	23323496	2	2
CNVR_275	7	23872854	24693994	4	4
CNVR_276	7	24931056	24946051	7	7
CNVR_277	7	24982024	25111723	1	1
CNVR_278	7	28416847	28454058	2	2
CNVR_279	7	28583247	28621254	3	3
CNVR_280	7	33595868	33849742	4	4
CNVR_281	7	36105942	36178539	2	2
CNVR_282	7	37214745	37263486	8	8
CNVR_283	7	46770810	46970000	1	1
CNVR_284	7	50233475	50261760	5	5
CNVR_285	7	53578523	53713177	1	1
CNVR_286	7	54848376	54966221	4	4
CNVR_287	7	70621019	70822690	10	10
CNVR_288	7	76886696	76940532	1	1
CNVR_289	7	78913415	79012351	1	1
CNVR_290	7	86095078	86363738	1	1
CNVR_291	7	87113645	87656497	9	9
CNVR_292	7	88068262	88317307	3	3
CNVR_293	7	89294939	89342174	1	1
CNVR_294	7	93242153	93263102	7	7
CNVR_295	7	95007095	95027313	1	1
CNVR_296	7	104597819	104689305	2	2
CNVR_297	7	105619986	105822859	2	2
CNVR_298	7	106081315	106131431	1	1
CNVR_299	7	107270255	107560382	1	1
CNVR_300	7	108121131	108325851	2	2
CNVR_301	7	111073047	111106929	1	1
CNVR_302	7	112479572	112610067	2	2
CNVR_303	8	9535196	9631916	1	1
CNVR_304	8	12985375	13030885	2	2
CNVR_305	8	13675008	13743674	1	1
CNVR_306	8	31926519	31948876	1	1
CNVR_307	8	32283646	32611423	5	5
CNVR_308	8	32895255	32947777	2	2
CNVR_309	8	35023064	35093059	1	1
CNVR_310	8	35733768	36008038	1	1
CNVR_311	8	37528884	37562604	1	1
CNVR_312	8	38612645	38672654	1	1
CNVR_313	8	41314387	41544668	3	3
CNVR_314	8	43890714	44100329	1	1
CNVR_315	8	44364572	44501531	2	2
CNVR_316	8	50157265	50215945	1	1
CNVR_317	8	75514239	75604164	1	1
CNVR_318	8	83006556	83048502	1	1
CNVR_319	8	83832733	83888935	1	1
CNVR_320	8	84030299	84099596	2	2
CNVR_321	8	88893442	88893548	19	19
CNVR_322	8	89339948	89379138	1	1
CNVR_323	8	93003301	93025439	1	1
CNVR_324	8	93373359	93691445	4	4
CNVR_325	8	94439046	94722804	7	7
CNVR_326	8	100259287	100341996	1	1
CNVR_327	8	103240741	103619063	4	4
CNVR_328	8	108663779	108687702	1	1
CNVR_329	8	113043285	113118348	1	1
CNVR_330	9	1291096	1427119	2	2
CNVR_331	9	1673728	2445262	5	5
CNVR_332	9	3018763	3115242	8	8
CNVR_333	9	3209712	3303405	3	3
CNVR_334	9	3458987	3481084	1	1
CNVR_335	9	3628193	3651455	2	2
CNVR_336	9	5443094	5489326	1	1
CNVR_337	9	6237818	6262126	2	2
CNVR_338	9	6671174	6933291	2	2
CNVR_339	9	7241264	7275154	2	2
CNVR_340	9	14020737	14292992	4	4
CNVR_341	9	15619498	15647119	1	1
CNVR_342	9	17206605	17250227	1	1
CNVR_343	9	18769034	18871847	5	5
CNVR_344	9	22107839	22190749	1	1
CNVR_345	9	25029971	25185694	3	3
CNVR_346	9	28640808	28662223	1	1
CNVR_347	9	30939888	30966432	38	38
CNVR_348	9	35554336	36072452	1	1
CNVR_349	9	40765749	40830221	7	7
CNVR_350	9	47425511	47868160	2	2
CNVR_351	9	49256999	49398875	3	3
CNVR_352	9	49943985	50027556	1	1
CNVR_353	9	54216888	54317953	1	1
CNVR_354	9	56093852	56101110	2	2
CNVR_355	9	56381424	56490122	1	1
CNVR_356	9	66847758	66998719	3	3
CNVR_357	9	72773200	72882520	1	1
CNVR_358	9	74729907	74848962	1	1
CNVR_359	9	75348969	75454006	1	1
CNVR_360	9	81417658	81456800	2	2
CNVR_361	9	85753001	85809578	1	1
CNVR_362	9	89800414	89847787	1	1
CNVR_363	9	92061663	92093186	3	3
CNVR_364	9	99626724	99658273	1	1
CNVR_365	9	103523508	103604815	3	3
CNVR_366	9	103984871	104050068	1	1
CNVR_367	9	104154509	104196469	1	1
CNVR_368	9	104986599	105035231	1	1
