CNVR_ID	Chr	Start	End	Frequency	n_Sample	0	1	3	4	Type	Length
CNVR_1	1	1556392	2086121	10	10		6	4		Mixed	529730
CNVR_2	1	5519231	5569070	1	1		1			Loss	49840
CNVR_3	1	6813154	6893254	1	1		1			Loss	80101
CNVR_4	1	7159731	7202401	1	1			1		Gain	42671
CNVR_5	1	7260253	7280774	1	1			1		Gain	20522
CNVR_6	1	9666125	9708099	1	1			1		Gain	41975
CNVR_7	1	10954721	11033253	1	1		1			Loss	78533
CNVR_8	1	14247401	14579710	7	7		2	5		Mixed	332310
CNVR_9	1	15408544	15492702	1	1		1			Loss	84159
CNVR_10	1	15624885	15727563	3	3		3			Loss	102679
CNVR_11	1	15990556	16114873	2	2		2			Loss	124318
CNVR_12	1	16446038	16604159	1	1			1		Gain	158122
CNVR_13	1	16817375	17041419	1	1			1		Gain	224045
CNVR_14	1	17105670	17537664	18	18	1	14	3		Mixed	431995
CNVR_15	1	17863023	18194846	11	11		7	4		Mixed	331824
CNVR_16	1	18918611	19206010	2	2		2			Loss	287400
CNVR_17	1	20541415	20566611	1	1		1			Loss	25197
CNVR_18	1	23274127	23335758	1	1		1			Loss	61632
CNVR_19	1	25480755	25495578	1	1		1			Loss	14824
CNVR_20	1	28042222	28064356	1	1		1			Loss	22135
CNVR_21	1	30659162	30840833	3	3		3			Loss	181672
CNVR_22	1	31475581	31699827	4	4		4			Loss	224247
CNVR_23	1	32073771	32180030	1	1			1		Gain	106260
CNVR_24	1	33584316	33610831	1	1		1			Loss	26516
CNVR_25	1	38112817	38181686	11	11		10	1		Mixed	68870
CNVR_26	1	38752163	38802298	1	1		1			Loss	50136
CNVR_27	1	39123286	39249574	3	3		1	2		Mixed	126289
CNVR_28	1	39853010	39978358	4	4		2	2		Mixed	125349
CNVR_29	1	40392357	40442160	1	1		1			Loss	49804
CNVR_30	1	40721810	40763708	2	2			2		Gain	41899
CNVR_31	1	42466675	42574052	2	2		2			Loss	107378
CNVR_32	1	42615734	42692592	3	3		3			Loss	76859
CNVR_33	1	44571298	44649313	3	3		1	2		Mixed	78016
CNVR_34	1	45090218	45146168	1	1			1		Gain	55951
CNVR_35	1	45837138	45869917	1	1			1		Gain	32780
CNVR_36	1	47941818	48061029	3	3		2	1		Mixed	119212
CNVR_37	1	48869448	48958647	2	2		2			Loss	89200
CNVR_38	1	49952651	50064432	1	1		1			Loss	111782
CNVR_39	1	50767507	50809694	1	1		1			Loss	42188
CNVR_40	1	54843886	54978255	1	1		1			Loss	134370
CNVR_41	1	69979144	70404106	3	3		3			Loss	424963
CNVR_42	1	71238937	71380741	5	5		5			Loss	141805
CNVR_43	1	75707006	75732698	1	1		1			Loss	25693
CNVR_44	1	81343507	81416748	7	7			7		Gain	73242
CNVR_45	1	83707085	83810343	7	7		6	1		Mixed	103259
CNVR_46	1	84046023	84284676	8	8		7	1		Mixed	238654
CNVR_47	1	88063961	88278205	2	2			2		Gain	214245
CNVR_48	1	90705336	90742154	1	1		1			Loss	36819
CNVR_49	1	90893182	91008609	15	15		15			Loss	115428
CNVR_50	1	92571301	93051564	4	4		4			Loss	480264
CNVR_51	1	94782982	94804961	1	1		1			Loss	21980
CNVR_52	1	101346641	101402516	1	1		1			Loss	55876
CNVR_53	1	101612280	102089512	4	4		2	1	1	Mixed	477233
CNVR_54	1	103272899	103339600	1	1		1			Loss	66702
CNVR_55	1	104199530	104263712	1	1			1		Gain	64183
CNVR_56	1	104515879	104784023	1	1			1		Gain	268145
CNVR_57	1	104932182	105100473	1	1		1			Loss	168292
CNVR_58	1	105239570	105472672	1	1			1		Gain	233103
CNVR_59	1	115368465	115487178	1	1			1		Gain	118714
CNVR_60	1	120398043	120455085	1	1		1			Loss	57043
CNVR_61	1	122918257	123519058	8	8		4	4		Mixed	600802
CNVR_62	1	126520577	126747762	5	5		5			Loss	227186
CNVR_63	1	131466441	131488608	1	1		1			Loss	22168
CNVR_64	1	154336232	154445682	4	4		4			Loss	109451
CNVR_65	1	157003140	157019589	1	1			1		Gain	16450
CNVR_66	1	157665979	157775990	20	19		2	18		Mixed	110012
CNVR_67	1	157905244	157913264	1	1		1			Loss	8021
CNVR_415	10	110950	164069	1	1			1		Gain	53120
CNVR_416	10	545401	561907	1	1		1			Loss	16507
CNVR_417	10	1860161	1936953	1	1		1			Loss	76793
CNVR_418	10	2377878	2387809	3	3	1	2			Loss	9932
CNVR_419	10	6846956	6989555	1	1		1			Loss	142600
CNVR_420	10	8707331	8842897	1	1		1			Loss	135567
CNVR_421	10	9143166	9354675	2	2		2			Loss	211510
CNVR_422	10	10467395	10490050	1	1		1			Loss	22656
CNVR_423	10	11354552	11544918	5	5		5			Loss	190367
CNVR_424	10	13219798	13290512	2	2		2			Loss	70715
CNVR_425	10	14157673	14228843	1	1			1		Gain	71171
CNVR_426	10	18786999	18854031	1	1		1			Loss	67033
CNVR_427	10	18991042	19055444	1	1		1			Loss	64403
CNVR_428	10	19755228	19797770	1	1			1		Gain	42543
CNVR_429	10	21794678	21841817	2	2			2		Gain	47140
CNVR_430	10	22364061	22408227	1	1			1		Gain	44167
CNVR_431	10	22796412	23703141	27	25	1	14	12		Mixed	906730
CNVR_432	10	24904079	25349755	7	7		2	5		Mixed	445677
CNVR_433	10	27289923	27320537	1	1			1		Gain	30615
CNVR_434	10	28030117	28053351	1	1			1		Gain	23235
CNVR_435	10	30358059	30402170	1	1		1			Loss	44112
CNVR_436	10	36538466	36803995	1	1		1			Loss	265530
CNVR_437	10	41412968	41462308	1	1		1			Loss	49341
CNVR_438	10	41667967	41725845	1	1		1			Loss	57879
CNVR_439	10	42661079	42869573	5	5		4	1		Mixed	208495
CNVR_440	10	44505055	44727501	1	1		1			Loss	222447
CNVR_441	10	45411930	45807766	2	2		2			Loss	395837
CNVR_442	10	46490485	46540291	1	1			1		Gain	49807
CNVR_443	10	46609304	46637787	1	1			1		Gain	28484
CNVR_444	10	51244357	51350146	1	1		1			Loss	105790
CNVR_445	10	53652144	53794314	2	2	1	1			Loss	142171
CNVR_446	10	55628092	55693450	3	3		3			Loss	65359
CNVR_447	10	55907151	55929569	1	1		1			Loss	22419
CNVR_448	10	70013138	70033332	1	1			1		Gain	20195
CNVR_449	10	70597940	70702717	1	1		1			Loss	104778
CNVR_450	10	74528909	74555038	3	3		3			Loss	26130
CNVR_451	10	78515830	79265033	2	2		2			Loss	749204
CNVR_452	10	85258477	85290340	1	1		1			Loss	31864
CNVR_453	10	91944026	92089797	1	1		1			Loss	145772
CNVR_454	10	94955619	95012640	2	2			2		Gain	57022
CNVR_455	10	98493921	98513608	1	1			1		Gain	19688
CNVR_456	10	100656201	100706066	4	4			4		Gain	49866
CNVR_457	10	103030307	103129795	2	2			2		Gain	99489
CNVR_458	11	122657	188097	2	2			2		Gain	65441
CNVR_459	11	4195587	4256064	4	4		3	1		Mixed	60478
CNVR_460	11	4927530	5053266	1	1		1			Loss	125737
CNVR_461	11	9672957	9743288	1	1		1			Loss	70332
CNVR_462	11	10647533	10735565	1	1		1			Loss	88033
CNVR_463	11	14734237	15290934	5	5		5			Loss	556698
CNVR_464	11	16494277	16538904	1	1			1		Gain	44628
CNVR_465	11	18637619	18739862	1	1		1			Loss	102244
CNVR_466	11	20285444	20327920	8	8		6	2		Mixed	42477
CNVR_467	11	21704025	21762048	1	1			1		Gain	58024
CNVR_468	11	24474675	24506755	1	1			1		Gain	32081
CNVR_469	11	25925590	26384861	1	1		1			Loss	459272
CNVR_470	11	30638168	30723344	2	2		2			Loss	85177
CNVR_471	11	32116162	32193449	1	1		1			Loss	77288
CNVR_472	11	34439864	34617407	1	1		1			Loss	177544
CNVR_473	11	38023147	38048799	1	1		1			Loss	25653
CNVR_474	11	38303012	38322480	1	1		1			Loss	19469
CNVR_475	11	40026791	40064479	2	2			2		Gain	37689
CNVR_476	11	41017384	41067983	1	1		1			Loss	50600
CNVR_477	11	52008258	52045592	1	1		1			Loss	37335
CNVR_478	11	52132672	52671438	1	1			1		Gain	538767
CNVR_479	11	52924695	53211061	1	1			1		Gain	286367
CNVR_480	11	57304568	57670923	4	4		1	3		Mixed	366356
CNVR_481	11	57957745	58497959	15	15	1	13	1		Mixed	540215
CNVR_482	11	59889002	60022605	1	1		1			Loss	133604
CNVR_483	11	62354153	62437950	3	3		1	2		Mixed	83798
CNVR_484	11	73302300	73478626	1	1		1			Loss	176327
CNVR_485	11	86989572	87117767	1	1		1			Loss	128196
CNVR_486	11	95243657	95285863	1	1		1			Loss	42207
CNVR_487	11	96567133	96748895	2	2		2			Loss	181763
CNVR_488	11	103219634	106640039	59	42		16	39	4	Mixed	3420406
CNVR_489	12	605703	953496	2	2			2		Gain	347794
CNVR_490	12	1248895	1294811	1	1		1			Loss	45917
CNVR_491	12	4516906	4564035	1	1		1			Loss	47130
CNVR_492	12	7318998	7499961	2	2		2			Loss	180964
CNVR_493	12	7717682	8004398	9	9		6	3		Mixed	286717
CNVR_494	12	8211080	8303309	1	1			1		Gain	92230
CNVR_495	12	8944702	9035851	3	3		3			Loss	91150
CNVR_496	12	10005671	10117392	5	5		5			Loss	111722
CNVR_497	12	16141245	16171675	1	1			1		Gain	30431
CNVR_498	12	18018856	18038076	1	1			1		Gain	19221
CNVR_499	12	18394407	18543051	2	2			2		Gain	148645
CNVR_500	12	18866247	18999163	2	2			2		Gain	132917
CNVR_501	12	31868243	31966327	1	1		1			Loss	98085
CNVR_502	12	32430162	32458228	1	1			1		Gain	28067
CNVR_503	12	40908574	41482512	6	6		6			Loss	573939
CNVR_504	12	41639204	42976167	5	5		1	4		Mixed	1336964
CNVR_505	12	44647231	44896474	3	3		2	1		Mixed	249244
CNVR_506	12	45501101	45568197	1	1		1			Loss	67097
CNVR_507	12	48651266	48790568	2	2		1	1		Mixed	139303
CNVR_508	12	49002658	49055838	2	2		2			Loss	53181
CNVR_509	12	50082367	50104867	1	1		1			Loss	22501
CNVR_510	12	51382264	51412073	1	1		1			Loss	29810
CNVR_511	12	52199487	52385221	2	2		2			Loss	185735
CNVR_512	12	55183342	55241442	1	1		1			Loss	58101
CNVR_513	12	57324176	57444824	2	2		1	1		Mixed	120649
CNVR_514	12	57698873	58312635	51	51	1	42	8		Mixed	613763
CNVR_515	12	58746483	58878268	6	6			6		Gain	131786
CNVR_516	12	59879124	60512165	9	9		3	6		Mixed	633042
CNVR_517	12	61248778	61401960	2	2		2			Loss	153183
CNVR_518	12	61581280	62049442	2	2		1	1		Mixed	468163
CNVR_519	12	62865973	62886090	3	3		3			Loss	20118
CNVR_520	12	62971636	63429741	11	10		11			Loss	458106
CNVR_521	12	63887327	63961087	1	1		1			Loss	73761
CNVR_522	12	64475721	64586228	1	1			1		Gain	110508
CNVR_523	12	69804346	70777223	87	80	6	49	32		Mixed	972878
CNVR_524	12	71134701	71508007	51	51			51		Gain	373307
CNVR_525	12	71657701	71687047	1	1			1		Gain	29347
CNVR_526	12	71820369	71950268	26	25	1	25			Loss	129900
CNVR_527	12	72838319	72907153	2	2			2		Gain	68835
CNVR_528	12	78163435	78251127	20	20	7	13			Loss	87693
CNVR_529	12	80768738	81048073	1	1			1		Gain	279336
CNVR_530	12	81142776	81161931	1	1			1		Gain	19156
CNVR_531	12	85225566	85267889	1	1			1		Gain	42324
CNVR_532	12	86064733	86688013	4	4			4		Gain	623281
CNVR_533	12	86794730	86830784	1	1			1		Gain	36055
CNVR_534	13	250637	585203	1	1			1		Gain	334567
CNVR_535	13	10349341	10395756	3	3			3		Gain	46416
CNVR_536	13	12280490	12378558	3	3		1	2		Mixed	98069
CNVR_537	13	12520034	12748454	2	2			2		Gain	228421
CNVR_538	13	17800892	17909299	3	3		2	1		Mixed	108408
CNVR_539	13	19947737	20140195	8	8		6	1	1	Mixed	192459
CNVR_540	13	21555041	21608958	5	5		5			Loss	53918
CNVR_541	13	24397516	24515029	1	1		1			Loss	117514
CNVR_542	13	25678465	25886779	4	4		4			Loss	208315
CNVR_543	13	27496035	27584525	2	2		2			Loss	88491
CNVR_544	13	32220177	32258616	1	1		1			Loss	38440
CNVR_545	13	33798170	33834273	1	1		1			Loss	36104
CNVR_546	13	35224775	35311031	1	1		1			Loss	86257
CNVR_547	13	40624961	40688852	2	2		2			Loss	63892
CNVR_548	13	41311826	41326933	11	11		3	8		Mixed	15108
CNVR_549	13	43322783	43433183	34	34			34		Gain	110401
CNVR_550	13	46435930	46522912	1	1		1			Loss	86983
CNVR_551	13	51842153	52109473	1	1		1			Loss	267321
CNVR_552	13	53954346	54135002	1	1			1		Gain	180657
CNVR_553	13	54341978	54892952	9	9			9		Gain	550975
CNVR_554	13	57367650	57558958	1	1		1			Loss	191309
CNVR_555	13	61361508	61444179	1	1		1			Loss	82672
CNVR_556	13	66020536	66071349	3	3		2	1		Mixed	50814
CNVR_557	13	66830214	66869864	1	1			1		Gain	39651
CNVR_558	13	73230829	73287734	1	1			1		Gain	56906
CNVR_559	14	68024	195925	2	2			2		Gain	127902
CNVR_560	14	330256	1044777	8	7	1	3	4		Mixed	714522
CNVR_561	14	1082140	1286160	2	2		1	1		Mixed	204021
CNVR_562	14	2001936	2435470	4	4			4		Gain	433535
CNVR_563	14	18391223	18812033	6	6			6		Gain	420811
CNVR_564	14	21980847	22027926	2	2			2		Gain	47080
CNVR_565	14	25111427	25127840	1	1		1			Loss	16414
CNVR_566	14	25158355	25222766	2	2		2			Loss	64412
CNVR_567	14	25725851	25780871	1	1			1		Gain	55021
CNVR_568	14	39032005	39522512	2	2		2			Loss	490508
CNVR_569	14	40729813	41124123	3	3		1	2		Mixed	394311
CNVR_570	14	49039384	49070135	1	1		1			Loss	30752
CNVR_571	14	51178853	51544378	2	2			2		Gain	365526
CNVR_572	14	51919846	52011701	1	1		1			Loss	91856
CNVR_573	14	52920347	52937019	2	2		2			Loss	16673
CNVR_574	14	53262145	53496927	4	4		4			Loss	234783
CNVR_575	14	53555740	54019701	5	5		2	3		Mixed	463962
CNVR_576	14	58056243	58089515	1	1			1		Gain	33273
CNVR_577	14	64205475	64235532	2	2			2		Gain	30058
CNVR_578	14	64678934	65243234	4	4		4			Loss	564301
CNVR_579	14	75956030	76005515	31	31	5	26			Loss	49486
CNVR_580	14	76800429	76937650	3	3		2	1		Mixed	137222
CNVR_581	14	78020352	78235444	4	4		1	3		Mixed	215093
CNVR_582	14	79210961	79273581	2	2			2		Gain	62621
CNVR_583	14	79971404	80071180	1	1			1		Gain	99777
CNVR_584	14	80520573	80559335	1	1		1			Loss	38763
CNVR_585	14	81274613	81441475	1	1		1			Loss	166863
CNVR_586	14	82213343	82247268	1	1			1		Gain	33926
CNVR_587	15	221717	585378	4	4		2	2		Mixed	363662
CNVR_588	15	2325557	2350566	9	9			9		Gain	25010
CNVR_589	15	2989352	3146028	5	5		5			Loss	156677
CNVR_590	15	6287730	6431790	3	3		1	2		Mixed	144061
CNVR_591	15	10732718	10936002	3	3		2	1		Mixed	203285
CNVR_592	15	11144666	11428390	6	6		3	3		Mixed	283725
CNVR_593	15	11668637	11788887	4	4		1	3		Mixed	120251
CNVR_594	15	13849616	13923819	1	1		1			Loss	74204
CNVR_595	15	20276441	20424163	2	2		2			Loss	147723
CNVR_596	15	28923329	29028800	1	1			1		Gain	105472
CNVR_597	15	29345173	29458564	1	1			1		Gain	113392
CNVR_598	15	37889488	37988924	2	2		2			Loss	99437
CNVR_599	15	44574405	44616946	1	1			1		Gain	42542
CNVR_600	15	44643305	44671060	1	1			1		Gain	27756
CNVR_601	15	44878753	44939293	1	1		1			Loss	60541
CNVR_602	15	45854304	45902669	1	1			1		Gain	48366
CNVR_603	15	46190128	46354274	2	2			2		Gain	164147
CNVR_604	15	47217590	47377734	16	16			16		Gain	160145
CNVR_605	15	47438725	47491314	1	1			1		Gain	52590
CNVR_606	15	48371261	48467282	1	1		1			Loss	96022
CNVR_607	15	49043365	49104529	1	1			1		Gain	61165
CNVR_608	15	49593727	49642755	2	2			2		Gain	49029
CNVR_609	15	49994423	50032210	1	1			1		Gain	37788
CNVR_610	15	51514220	51644699	1	1		1			Loss	130480
CNVR_611	15	53177461	53218885	1	1		1			Loss	41425
CNVR_612	15	56836949	56947464	3	3		3			Loss	110516
CNVR_613	15	61839149	61855683	1	1			1		Gain	16535
CNVR_614	15	62419747	62468802	1	1		1			Loss	49056
CNVR_615	15	68244402	68298144	1	1			1		Gain	53743
CNVR_616	15	69759035	69984268	2	2		1	1		Mixed	225234
CNVR_617	15	70224365	70517949	6	6		5	1		Mixed	293585
CNVR_618	15	71627906	71688173	1	1			1		Gain	60268
CNVR_619	15	73422749	73494231	1	1			1		Gain	71483
CNVR_620	15	73590486	73647677	1	1		1			Loss	57192
CNVR_621	15	78804694	78852525	2	2		1	1		Mixed	47832
CNVR_622	15	78985623	79575418	93	85	3	35	55		Mixed	589796
CNVR_623	15	79721442	79806748	6	6		4	2		Mixed	85307
CNVR_624	15	80200073	80224913	1	1			1		Gain	24841
CNVR_625	15	82499664	82572418	1	1		1			Loss	72755
CNVR_626	15	83996173	84260383	11	11		6	5		Mixed	264211
CNVR_627	16	5680582	5965231	12	12	1	11			Loss	284650
CNVR_628	16	6000309	6196805	4	4			4		Gain	196497
CNVR_629	16	7766369	7869522	5	5		2	3		Mixed	103154
CNVR_630	16	8762686	8870689	4	4		4			Loss	108004
CNVR_631	16	10254850	10354010	1	1		1			Loss	99161
CNVR_632	16	10819641	10851355	1	1			1		Gain	31715
CNVR_633	16	14274292	14908704	45	43	29	7	9		Mixed	634413
CNVR_634	16	16152108	16244500	1	1		1			Loss	92393
CNVR_635	16	24076398	24156316	1	1		1			Loss	79919
CNVR_636	16	25107818	25118197	1	1			1		Gain	10380
CNVR_637	16	26388857	26461264	1	1		1			Loss	72408
CNVR_638	16	27526973	27568525	1	1		1			Loss	41553
CNVR_639	16	28154457	28321010	2	2		2			Loss	166554
CNVR_640	16	30213147	30505468	1	1		1			Loss	292322
CNVR_641	16	32754885	32852344	1	1		1			Loss	97460
CNVR_642	16	33331779	33584654	6	6		6			Loss	252876
CNVR_643	16	41147381	41217175	1	1		1			Loss	69795
CNVR_644	16	49148097	49674031	4	4		4			Loss	525935
CNVR_645	16	49852100	49970146	1	1			1		Gain	118047
CNVR_646	16	55212092	55344755	2	2		2			Loss	132664
CNVR_647	16	56366468	56381192	1	1			1		Gain	14725
CNVR_648	16	57251627	57343354	1	1		1			Loss	91728
CNVR_649	16	59589341	59631972	1	1		1			Loss	42632
CNVR_650	16	60525984	60784885	18	18			18		Gain	258902
CNVR_651	16	62207587	62241544	1	1			1		Gain	33958
CNVR_652	16	67025984	67146187	2	2		2			Loss	120204
CNVR_653	16	69471279	69553620	1	1			1		Gain	82342
CNVR_654	16	76153451	76228029	1	1		1			Loss	74579
CNVR_655	16	76575462	76632577	1	1		1			Loss	57116
CNVR_656	16	77499096	77612188	1	1			1		Gain	113093
CNVR_657	16	79672105	79791892	1	1		1			Loss	119788
CNVR_658	16	80040634	80102228	1	1			1		Gain	61595
CNVR_659	16	80366462	80863910	4	4			4		Gain	497449
CNVR_660	17	1369962	1417047	1	1			1		Gain	47086
CNVR_661	17	6794956	6848226	3	3			3		Gain	53271
CNVR_662	17	6889742	7158121	2	2		2			Loss	268380
CNVR_663	17	7340739	7389145	1	1		1			Loss	48407
CNVR_664	17	11566347	11716513	2	2		2			Loss	150167
CNVR_665	17	21008303	21130223	4	4		4			Loss	121921
CNVR_666	17	21897242	21996151	1	1		1			Loss	98910
CNVR_667	17	22247424	22285369	1	1		1			Loss	37946
CNVR_668	17	22569340	23144425	10	10		8	1	1	Mixed	575086
CNVR_669	17	23576599	23614738	1	1			1		Gain	38140
CNVR_670	17	23981017	24374905	6	6		5	1		Mixed	393889
CNVR_671	17	26745200	27068312	4	4	1	3			Loss	323113
CNVR_672	17	31705802	31769114	1	1		1			Loss	63313
CNVR_673	17	34535747	34651540	1	1		1			Loss	115794
CNVR_674	17	38593860	38661101	1	1		1			Loss	67242
CNVR_675	17	39220916	39276948	53	53	3	38	12		Mixed	56033
CNVR_676	17	41446019	41709619	4	4		4			Loss	263601
CNVR_677	17	52077181	52109735	1	1			1		Gain	32555
CNVR_678	17	52872065	53069851	3	3		3			Loss	197787
CNVR_679	17	54062683	54228261	1	1		1			Loss	165579
CNVR_680	17	57083149	57194642	7	7			5	2	Gain	111494
CNVR_681	17	58623706	58824595	1	1		1			Loss	200890
CNVR_682	17	65721324	65796850	1	1		1			Loss	75527
CNVR_683	17	67604252	68000928	1	1		1			Loss	396677
CNVR_684	17	68015202	68055218	2	2			2		Gain	40017
CNVR_685	17	70916829	70984463	2	2			2		Gain	67635
CNVR_686	17	71355374	73106809	47	37		9	35	3	Mixed	1751436
CNVR_687	18	12377354	12478047	1	1			1		Gain	100694
CNVR_688	18	13303377	13371617	1	1			1		Gain	68241
CNVR_689	18	13665368	14078470	2	2		1	1		Mixed	413103
CNVR_690	18	14969884	15157858	5	5		1	4		Mixed	187975
CNVR_691	18	15491110	15821257	3	3		3			Loss	330148
CNVR_692	18	16771749	16803994	1	1		1			Loss	32246
CNVR_693	18	27440587	27560755	2	2		2			Loss	120169
CNVR_694	18	27726727	27759853	1	1			1		Gain	33127
CNVR_695	18	27835621	28216716	2	2			2		Gain	381096
CNVR_696	18	31931689	32028181	2	2		2			Loss	96493
CNVR_697	18	36628794	36768945	5	5		5			Loss	140152
CNVR_698	18	46127942	46176270	1	1			1		Gain	48329
CNVR_699	18	47977151	47994061	1	1		1			Loss	16911
CNVR_700	18	53012600	53071278	1	1			1		Gain	58679
CNVR_701	18	57057494	57106651	1	1			1		Gain	49158
CNVR_702	18	60876129	60892357	1	1			1		Gain	16229
CNVR_703	18	60943128	60951463	2	2			2		Gain	8336
CNVR_704	18	61155737	61266875	1	1			1		Gain	111139
CNVR_705	18	63175100	63239673	1	1			1		Gain	64574
CNVR_706	18	64353779	64377482	4	4			4		Gain	23704
CNVR_707	18	65609903	65814370	6	6			4	2	Gain	204468
CNVR_708	19	1972870	2013788	1	1		1			Loss	40919
CNVR_709	19	3194780	3219803	1	1			1		Gain	25024
CNVR_710	19	3499286	3596175	4	4		4			Loss	96890
CNVR_711	19	7539293	7633201	11	11		11			Loss	93909
CNVR_712	19	9613564	9753707	8	8			8		Gain	140144
CNVR_713	19	9887071	10148283	1	1		1			Loss	261213
CNVR_714	19	10196976	10227474	1	1			1		Gain	30499
CNVR_715	19	10819756	11045264	2	2			2		Gain	225509
CNVR_716	19	11112419	11346615	2	2		2			Loss	234197
CNVR_717	19	12219365	12289598	2	2			2		Gain	70234
CNVR_718	19	13678370	13749514	1	1		1			Loss	71145
CNVR_719	19	14229394	14292872	2	2			2		Gain	63479
CNVR_720	19	14880730	14910992	1	1			1		Gain	30263
CNVR_721	19	17894199	17959242	2	2		2			Loss	65044
CNVR_722	19	18012136	18118339	1	1			1		Gain	106204
CNVR_723	19	21534263	21556972	1	1			1		Gain	22710
CNVR_724	19	23517073	23564582	1	1		1			Loss	47510
CNVR_725	19	24160587	24200990	1	1			1		Gain	40404
CNVR_726	19	26969809	27011004	2	2			2		Gain	41196
CNVR_727	19	27316118	27421507	2	2		2			Loss	105390
CNVR_728	19	31510882	31638013	1	1		1			Loss	127132
CNVR_729	19	34590070	34636180	2	2	1	1			Loss	46111
CNVR_730	19	35683912	35735962	6	6		3	3		Mixed	52051
CNVR_731	19	38436540	38489966	1	1			1		Gain	53427
CNVR_732	19	41397913	41422493	1	1			1		Gain	24581
CNVR_733	19	46083610	46268549	2	2		2			Loss	184940
CNVR_734	19	46862760	47005169	1	1		1			Loss	142410
CNVR_735	19	47402508	47741795	3	3		3			Loss	339288
CNVR_736	19	49003361	49164680	1	1		1			Loss	161320
CNVR_737	19	50787009	50929851	3	3		2	1		Mixed	142843
CNVR_738	19	52105919	52254545	4	4		2	2		Mixed	148627
CNVR_739	19	55499960	55506254	1	1		1			Loss	6295
CNVR_740	19	55889067	55911397	1	1		1			Loss	22331
CNVR_741	19	61701944	61756520	1	1		1			Loss	54577
CNVR_742	19	62611634	62643241	8	8			8		Gain	31608
CNVR_68	2	204346	288663	1	1		1			Loss	84318
CNVR_69	2	2326560	2458209	5	5		5			Loss	131650
CNVR_70	2	8923646	9443359	3	3		3			Loss	519714
CNVR_71	2	9813911	10004616	4	4		4			Loss	190706
CNVR_72	2	11190203	11243231	1	1		1			Loss	53029
CNVR_73	2	11472361	11953823	2	2		2			Loss	481463
CNVR_74	2	12215559	12283138	3	3		3			Loss	67580
CNVR_75	2	19191623	19230960	1	1			1		Gain	39338
CNVR_76	2	19337434	19425494	2	2		2			Loss	88061
CNVR_77	2	24673731	25019765	4	4		4			Loss	346035
CNVR_78	2	25395889	25456418	2	2	1	1			Loss	60530
CNVR_79	2	26314361	26411917	10	10		8	2		Mixed	97557
CNVR_80	2	26533881	26616402	2	2		1	1		Mixed	82522
CNVR_81	2	27318294	27979992	26	24		1	25		Mixed	661699
CNVR_82	2	29677272	29717162	1	1		1			Loss	39891
CNVR_83	2	33041069	33156609	1	1		1			Loss	115541
CNVR_84	2	33210280	33237706	1	1		1			Loss	27427
CNVR_85	2	34588581	34703310	3	3		3			Loss	114730
CNVR_86	2	35747792	35793441	3	3		2	1		Mixed	45650
CNVR_87	2	36335995	36379882	4	4			4		Gain	43888
CNVR_88	2	39888509	39910074	1	1		1			Loss	21566
CNVR_89	2	41073325	41119712	1	1			1		Gain	46388
CNVR_90	2	41679485	41842234	1	1		1			Loss	162750
CNVR_91	2	41900302	42181561	1	1			1		Gain	281260
CNVR_92	2	45279148	45336061	1	1			1		Gain	56914
CNVR_93	2	48014334	48055631	1	1		1			Loss	41298
CNVR_94	2	53100190	53646984	6	6		6			Loss	546795
CNVR_95	2	55843399	56063251	1	1		1			Loss	219853
CNVR_96	2	56136362	56170828	1	1			1		Gain	34467
CNVR_97	2	56234809	56415353	3	3		2	1		Mixed	180545
CNVR_98	2	57247941	57312184	3	3		3			Loss	64244
CNVR_99	2	62337521	62378856	1	1		1			Loss	41336
CNVR_100	2	63565463	63711962	41	41			41		Gain	146500
CNVR_101	2	63910767	64472720	1	1		1			Loss	561954
CNVR_102	2	67877869	68202227	1	1		1			Loss	324359
CNVR_103	2	77336809	77393386	1	1			1		Gain	56578
CNVR_104	2	77850502	78192052	3	3		1	2		Mixed	341551
CNVR_105	2	81375103	81563500	4	4		3	1		Mixed	188398
CNVR_106	2	81614930	81677503	1	1		1			Loss	62574
CNVR_107	2	91199177	91282400	1	1		1			Loss	83224
CNVR_108	2	97988530	98062823	2	2			2		Gain	74294
CNVR_109	2	108777666	108816422	1	1			1		Gain	38757
CNVR_110	2	110332803	110471585	1	1		1			Loss	138783
CNVR_111	2	112926020	113155761	1	1		1			Loss	229742
CNVR_112	2	114523616	114535823	5	5		5			Loss	12208
CNVR_113	2	115474795	115512459	4	4		4			Loss	37665
CNVR_114	2	119309298	119361101	2	2		2			Loss	51804
CNVR_115	2	123741216	123802863	12	12		12			Loss	61648
CNVR_116	2	129061339	129109626	2	2			2		Gain	48288
CNVR_117	2	134061066	134078189	1	1		1			Loss	17124
CNVR_118	2	135903292	136019931	1	1		1			Loss	116640
CNVR_743	20	1197732	1307811	8	8			8		Gain	110080
CNVR_744	20	1827719	1873819	1	1		1			Loss	46101
CNVR_745	20	2795101	2990892	11	11	1	4	5	1	Mixed	195792
CNVR_746	20	4442249	4487971	1	1		1			Loss	45723
CNVR_747	20	6468913	6586964	2	2		2			Loss	118052
CNVR_748	20	8742285	8771290	1	1		1			Loss	29006
CNVR_749	20	10391115	10500984	1	1			1		Gain	109870
CNVR_750	20	10783387	10800005	1	1		1			Loss	16619
CNVR_751	20	11409646	11453162	1	1				1	Gain	43517
CNVR_752	20	12111883	12136194	1	1			1		Gain	24312
CNVR_753	20	13653178	13677770	2	2			2		Gain	24593
CNVR_754	20	16904479	16951836	1	1		1			Loss	47358
CNVR_755	20	19517625	19626594	2	2		2			Loss	108970
CNVR_756	20	21842803	21913767	1	1		1			Loss	70965
CNVR_757	20	22272974	22305514	5	5		4	1		Mixed	32541
CNVR_758	20	23802929	23863171	1	1		1			Loss	60243
CNVR_759	20	25528151	25590025	1	1			1		Gain	61875
CNVR_760	20	31422941	31448781	2	2			2		Gain	25841
CNVR_761	20	33614197	33711013	2	2			2		Gain	96817
CNVR_762	20	35233378	35486670	5	5		5			Loss	253293
CNVR_763	20	36817457	37273408	2	2		2			Loss	455952
CNVR_764	20	43159533	43287639	2	2		1	1		Mixed	128107
CNVR_765	20	43773119	43882014	1	1		1			Loss	108896
CNVR_766	20	44195277	44220967	1	1			1		Gain	25691
CNVR_767	20	44992353	45148021	2	2		1	1		Mixed	155669
CNVR_768	20	45948384	46084308	3	3			3		Gain	135925
CNVR_769	20	46826293	47301790	12	11		9	3		Mixed	475498
CNVR_770	20	49275867	49562973	9	9		5	4		Mixed	287107
CNVR_771	20	50292489	50297736	1	1		1			Loss	5248
CNVR_772	20	51571771	52125534	7	7		4	3		Mixed	553764
CNVR_773	20	53024269	53297742	1	1			1		Gain	273474
CNVR_774	20	53640256	53779182	1	1		1			Loss	138927
CNVR_775	20	54256478	54291088	1	1		1			Loss	34611
CNVR_776	20	54509429	54758379	3	3			3		Gain	248951
CNVR_777	20	59880963	60078495	4	4		2	2		Mixed	197533
CNVR_778	20	61199492	61300879	6	6		6			Loss	101388
CNVR_779	20	67492982	67545645	1	1			1		Gain	52664
CNVR_780	20	69362976	69379193	1	1		1			Loss	16218
CNVR_781	20	70604423	71835589	20	20		1	19		Mixed	1231167
CNVR_782	21	12020836	12247673	3	3		3			Loss	226838
CNVR_783	21	17690394	17706354	1	1			1		Gain	15961
CNVR_784	21	20058560	20080310	1	1			1		Gain	21751
CNVR_785	21	21319480	21433856	1	1		1			Loss	114377
CNVR_786	21	22187070	22216183	1	1			1		Gain	29114
CNVR_787	21	29124387	29231528	1	1			1		Gain	107142
CNVR_788	21	30353565	30380420	1	1		1			Loss	26856
CNVR_789	21	32036695	32141178	1	1			1		Gain	104484
CNVR_790	21	32556363	32646958	2	2		1	1		Mixed	90596
CNVR_791	21	33054329	33122801	6	6		5	1		Mixed	68473
CNVR_792	21	34773019	34852830	1	1			1		Gain	79812
CNVR_793	21	37529023	37595949	4	4		4			Loss	66927
CNVR_794	21	41854733	41936434	2	2		2			Loss	81702
CNVR_795	21	50677925	50709488	4	4		2	2		Mixed	31564
CNVR_796	21	51856354	52012313	4	4		4			Loss	155960
CNVR_797	21	52292038	52788138	3	3		1	2		Mixed	496101
CNVR_798	21	53697731	53723864	2	2		2			Loss	26134
CNVR_799	21	56486641	56528040	1	1			1		Gain	41400
CNVR_800	21	65029870	65080143	1	1		1			Loss	50274
CNVR_801	21	65763116	65921326	1	1		1			Loss	158211
CNVR_802	21	68643064	69808854	28	24		10	17	1	Mixed	1165791
CNVR_803	22	7051424	7112947	1	1			1		Gain	61524
CNVR_804	22	9129405	9395048	1	1		1			Loss	265644
CNVR_805	22	15347292	15523954	1	1		1			Loss	176663
CNVR_806	22	16209409	16304198	1	1		1			Loss	94790
CNVR_807	22	17610020	17708467	1	1	1				Loss	98448
CNVR_808	22	27739097	27794255	1	1			1		Gain	55159
CNVR_809	22	32483637	32513622	2	2			2		Gain	29986
CNVR_810	22	33968386	33996383	1	1		1			Loss	27998
CNVR_811	22	34408419	34473365	3	3		3			Loss	64947
CNVR_812	22	48156339	48290928	4	4		4			Loss	134590
CNVR_813	22	49088679	49184065	1	1			1		Gain	95387
CNVR_814	22	58236823	59004418	4	4		1	3		Mixed	767596
CNVR_815	22	59386439	59499648	4	4		3	1		Mixed	113210
CNVR_816	22	59789766	60710593	5	5		1	4		Mixed	920828
CNVR_817	23	11303403	11415970	1	1		1			Loss	112568
CNVR_818	23	14835189	14866127	1	1			1		Gain	30939
CNVR_819	23	16521600	16640000	2	2			2		Gain	118401
CNVR_820	23	21508598	21560621	3	3		3			Loss	52024
CNVR_821	23	25560755	25730370	70	70	13	23	33	1	Mixed	169616
CNVR_822	23	26690402	26948249	5	5		3	2		Mixed	257848
CNVR_823	23	27998654	28085043	17	17			17		Gain	86390
CNVR_824	23	29055109	29075438	2	2			2		Gain	20330
CNVR_825	23	29198023	29325564	4	4	1	1	2		Mixed	127542
CNVR_826	23	30735048	30830954	2	2			2		Gain	95907
CNVR_827	23	30946459	30992726	1	1			1		Gain	46268
CNVR_828	23	31580954	31945721	7	6			5	2	Gain	364768
CNVR_829	23	35765336	35833673	3	3			3		Gain	68338
CNVR_830	23	39432260	39464065	1	1			1		Gain	31806
CNVR_831	23	43199690	43271085	4	4		3	1		Mixed	71396
CNVR_832	24	3251225	3263755	1	1			1		Gain	12531
CNVR_833	24	5410837	5475046	1	1		1			Loss	64210
CNVR_834	24	9887108	9972934	2	2			2		Gain	85827
CNVR_835	24	11323276	11424841	1	1			1		Gain	101566
CNVR_836	24	12855197	13028152	1	1			1		Gain	172956
CNVR_837	24	13157934	13199115	1	1		1			Loss	41182
CNVR_838	24	16546106	16592238	6	6		6			Loss	46133
CNVR_839	24	20757957	20803435	1	1		1			Loss	45479
CNVR_840	24	24293597	24332155	2	2		2			Loss	38559
CNVR_841	24	26412669	26421080	1	1			1		Gain	8412
CNVR_842	24	26441090	26466428	1	1	1				Loss	25339
CNVR_843	24	26467161	26487689	1	1		1			Loss	20529
CNVR_844	24	26512848	26521973	1	1		1			Loss	9126
CNVR_845	24	26594728	26645099	1	1		1			Loss	50372
CNVR_846	24	26717138	26916586	2	2		2			Loss	199449
CNVR_847	24	26955232	27089374	5	5		3	2		Mixed	134143
CNVR_848	24	27174346	27177776	2	2		2			Loss	3431
CNVR_849	24	27276670	27287599	1	1			1		Gain	10930
CNVR_850	24	27392531	27502555	2	2		1	1		Mixed	110025
CNVR_851	24	27525922	27584272	2	2		2			Loss	58351
CNVR_852	24	27724269	27839597	2	2		2			Loss	115329
CNVR_853	24	38270530	38309166	1	1			1		Gain	38637
CNVR_854	24	41383914	41529798	2	2		2			Loss	145885
CNVR_855	24	42101316	42170842	2	2		2			Loss	69527
CNVR_856	24	43657134	43754506	1	1		1			Loss	97373
CNVR_857	24	49057452	49089270	1	1		1			Loss	31819
CNVR_858	24	50413316	50464102	1	1		1			Loss	50787
CNVR_859	24	53687442	53742189	1	1			1		Gain	54748
CNVR_860	24	59955268	59990135	1	1			1		Gain	34868
CNVR_861	25	208098	1769456	24	22		6	17	1	Mixed	1561359
CNVR_862	25	2337264	2422717	2	2			2		Gain	85454
CNVR_863	25	9559212	9628737	4	4			4		Gain	69526
CNVR_864	25	10046944	10097205	2	2		2			Loss	50262
CNVR_865	25	13475146	13533742	1	1		1			Loss	58597
CNVR_866	25	16449087	16538323	4	4		3	1		Mixed	89237
CNVR_867	25	35912171	36012574	1	1			1		Gain	100404
CNVR_868	25	36067948	36088574	1	1			1		Gain	20627
CNVR_869	25	39845396	39893062	1	1		1			Loss	47667
CNVR_870	25	40628353	42056885	13	10		5	8		Mixed	1428533
CNVR_871	26	2404154	2441939	1	1		1			Loss	37786
CNVR_872	26	4672743	4825731	3	3		2	1		Mixed	152989
CNVR_873	26	11301013	11410969	1	1			1		Gain	109957
CNVR_874	26	13723590	13779378	1	1			1		Gain	55789
CNVR_875	26	15995830	16012895	7	7		7			Loss	17066
CNVR_876	26	17667270	17714604	1	1			1		Gain	47335
CNVR_877	26	22144981	22386818	1	1		1			Loss	241838
CNVR_878	26	28385806	28522205	6	6	1	5			Loss	136400
CNVR_879	26	30679250	30703028	1	1		1			Loss	23779
CNVR_880	26	32977874	33046991	1	1		1			Loss	69118
CNVR_881	26	35555953	35700362	3	3			3		Gain	144410
CNVR_882	26	35829748	35904911	1	1			1		Gain	75164
CNVR_883	26	47838401	47896501	2	2		2			Loss	58101
CNVR_884	26	50637350	51091399	14	13		1	13		Mixed	454050
CNVR_885	26	51488076	51659347	1	1			1		Gain	171272
CNVR_886	27	9777345	9855048	3	3			3		Gain	77704
CNVR_887	27	10102302	10300408	13	13		8	2	3	Mixed	198107
CNVR_888	27	10803203	11067484	9	9		9			Loss	264282
CNVR_889	27	11705002	11738933	3	3		1	2		Mixed	33932
CNVR_890	27	18064601	18132035	3	3		3			Loss	67435
CNVR_891	27	22606696	22667876	1	1		1			Loss	61181
CNVR_892	27	23072165	23099177	1	1			1		Gain	27013
CNVR_893	27	23542996	23627544	1	1		1			Loss	84549
CNVR_894	27	29858113	29931904	3	3		3			Loss	73792
CNVR_895	27	34176183	34272250	1	1		1			Loss	96068
CNVR_896	27	34335782	34422117	1	1		1			Loss	86336
CNVR_897	27	41219117	41235779	1	1		1			Loss	16663
CNVR_898	27	43859630	43910265	2	2		2			Loss	50636
CNVR_899	27	45338225	45500252	1	1			1		Gain	162028
CNVR_900	28	39225	466053	62	60	16	23	22	1	Mixed	426829
CNVR_901	28	2101546	2141009	1	1		1			Loss	39464
CNVR_902	28	3778869	3789749	2	2			2		Gain	10881
CNVR_903	28	7978983	8204918	3	3		3			Loss	225936
CNVR_904	28	8481056	8554468	1	1		1			Loss	73413
CNVR_905	28	11759482	11912353	1	1		1			Loss	152872
CNVR_906	28	18916753	19430612	1	1		1			Loss	513860
CNVR_907	28	19507984	19563947	5	5		5			Loss	55964
CNVR_908	28	22771955	22933760	7	7		6	1		Mixed	161806
CNVR_909	28	24340626	25229809	12	11		9	3		Mixed	889184
CNVR_910	28	28501081	29240599	3	3		3			Loss	739519
CNVR_911	28	29872623	30439777	1	1		1			Loss	567155
CNVR_912	28	34488152	34503680	1	1			1		Gain	15529
CNVR_913	28	34851742	34875430	2	2		1	1		Mixed	23689
CNVR_914	28	44038721	44071166	3	3		3			Loss	32446
CNVR_915	28	44584170	44615642	1	1			1		Gain	31473
CNVR_916	29	9400987	9599143	2	2		1	1		Mixed	198157
CNVR_917	29	12454354	12480062	1	1			1		Gain	25709
CNVR_918	29	14313296	14326730	1	1		1			Loss	13435
CNVR_919	29	16816497	16846552	1	1		1			Loss	30056
CNVR_920	29	19680714	19693642	1	1		1			Loss	12929
CNVR_921	29	21389515	21418703	1	1		1			Loss	29189
CNVR_922	29	21701965	21760045	11	11		11			Loss	58081
CNVR_923	29	29740161	29758973	3	3		3			Loss	18813
CNVR_924	29	30869036	30984935	8	8		8			Loss	115900
CNVR_925	29	33487878	33541339	2	2		2			Loss	53462
CNVR_926	29	38641995	38693679	1	1			1		Gain	51685
CNVR_927	29	43306962	43329844	1	1			1		Gain	22883
CNVR_928	29	45417677	45478834	2	2		2			Loss	61158
CNVR_929	29	46047863	46178866	4	4			4		Gain	131004
CNVR_930	29	47269242	47447458	1	1			1		Gain	178217
CNVR_931	29	48646742	51072873	10	9			10		Gain	2426132
CNVR_119	3	397758	454705	1	1			1		Gain	56948
CNVR_120	3	589618	778196	1	1		1			Loss	188579
CNVR_121	3	9737010	9759429	1	1		1			Loss	22420
CNVR_122	3	10881628	10946349	1	1		1			Loss	64722
CNVR_123	3	16760836	16820503	2	2		2			Loss	59668
CNVR_124	3	20706978	20756370	1	1			1		Gain	49393
CNVR_125	3	28845503	28971745	1	1		1			Loss	126243
CNVR_126	3	30350337	30396757	10	10	1	7	2		Mixed	46421
CNVR_127	3	31593802	31653812	1	1			1		Gain	60011
CNVR_128	3	34307747	34387819	1	1		1			Loss	80073
CNVR_129	3	37209678	37955816	13	13		12	1		Mixed	746139
CNVR_130	3	39252683	39458322	3	3		3			Loss	205640
CNVR_131	3	42917941	43378710	3	3		3			Loss	460770
CNVR_132	3	51989581	52054929	1	1			1		Gain	65349
CNVR_133	3	52255164	52399331	7	7		7			Loss	144168
CNVR_134	3	54211974	54781990	34	32		3	24	7	Mixed	570017
CNVR_135	3	55075515	55124223	1	1			1		Gain	48709
CNVR_136	3	56635728	56711353	1	1		1			Loss	75626
CNVR_137	3	58919048	58938248	2	2			2		Gain	19201
CNVR_138	3	66958835	67092920	1	1		1			Loss	134086
CNVR_139	3	68133029	68172039	2	2		2			Loss	39011
CNVR_140	3	68994261	69057163	1	1		1			Loss	62903
CNVR_141	3	71049532	71083291	1	1		1			Loss	33760
CNVR_142	3	71425282	71739001	4	4		3	1		Mixed	313720
CNVR_143	3	74880847	75012952	1	1		1			Loss	132106
CNVR_144	3	76432417	76452556	1	1			1		Gain	20140
CNVR_145	3	90468808	90478848	1	1		1			Loss	10041
CNVR_146	3	94818813	95038877	11	11		11			Loss	220065
CNVR_147	3	100277178	100601230	4	4			4		Gain	324053
CNVR_148	3	105906709	105941874	3	3		3			Loss	35166
CNVR_149	3	109750764	110033765	2	2		2			Loss	283002
CNVR_150	3	110225003	110438534	1	1		1			Loss	213532
CNVR_151	3	119893611	120782854	5	5			5		Gain	889244
CNVR_152	3	120829136	120928899	2	2			2		Gain	99764
CNVR_153	4	190991	769342	5	5			5		Gain	578352
CNVR_154	4	1677786	3138786	2	2		1	1		Mixed	1461001
CNVR_155	4	5815841	5868189	3	3		1	2		Mixed	52349
CNVR_156	4	6330228	6534219	45	45			45		Gain	203992
CNVR_157	4	7372107	7455891	1	1		1			Loss	83785
CNVR_158	4	7803131	7906401	10	10		9	1		Mixed	103271
CNVR_159	4	9251599	9477621	1	1		1			Loss	226023
CNVR_160	4	9623951	9706609	2	2		2			Loss	82659
CNVR_161	4	10554466	10785247	1	1		1			Loss	230782
CNVR_162	4	16887354	17012863	22	22	1	20	1		Mixed	125510
CNVR_163	4	17555033	17829967	2	2		1	1		Mixed	274935
CNVR_164	4	20430208	20477053	2	2		2			Loss	46846
CNVR_165	4	22417069	22476432	1	1		1			Loss	59364
CNVR_166	4	23905307	23939782	1	1			1		Gain	34476
CNVR_167	4	24769941	24787234	3	3		3			Loss	17294
CNVR_168	4	38458460	38499800	1	1			1		Gain	41341
CNVR_169	4	41346098	41419880	1	1		1			Loss	73783
CNVR_170	4	43528807	43588911	1	1			1		Gain	60105
CNVR_171	4	45400553	45479387	2	2		2			Loss	78835
CNVR_172	4	46212366	46311240	1	1		1			Loss	98875
CNVR_173	4	48408851	48591927	4	4		4			Loss	183077
CNVR_174	4	50042121	50170138	1	1			1		Gain	128018
CNVR_175	4	54019025	54278625	3	3		3			Loss	259601
CNVR_176	4	58552828	58592514	1	1		1			Loss	39687
CNVR_177	4	58841554	58862210	1	1		1			Loss	20657
CNVR_178	4	59421575	59566132	3	3			3		Gain	144558
CNVR_179	4	62197348	62228844	1	1			1		Gain	31497
CNVR_180	4	66099208	66429603	40	36		1	39		Mixed	330396
CNVR_181	4	66753486	66803742	2	2		2			Loss	50257
CNVR_182	4	68465623	68705234	2	2		1	1		Mixed	239612
CNVR_183	4	71900384	72048949	9	9		8	1		Mixed	148566
CNVR_184	4	73129045	73288742	39	39	2	37			Loss	159698
CNVR_185	4	73487044	73571440	1	1			1		Gain	84397
CNVR_186	4	73907386	74003192	2	2			2		Gain	95807
CNVR_187	4	74657252	74678087	1	1			1		Gain	20836
CNVR_188	4	75223728	75278775	1	1		1			Loss	55048
CNVR_189	4	76717317	76815010	1	1		1			Loss	97694
CNVR_190	4	77973448	78071301	1	1			1		Gain	97854
CNVR_191	4	83108884	83132853	1	1			1		Gain	23970
CNVR_192	4	83364200	83594949	2	2	1		1		Mixed	230750
CNVR_193	4	83806996	84345060	8	8		3	5		Mixed	538065
CNVR_194	4	84792163	84829041	1	1			1		Gain	36879
CNVR_195	4	90431047	90468283	2	2		2			Loss	37237
CNVR_196	4	92050350	92129716	1	1			1		Gain	79367
CNVR_197	4	95067685	95166666	2	2		2			Loss	98982
CNVR_198	4	96998183	97277561	1	1				1	Gain	279379
CNVR_199	4	105231989	105304020	4	4			4		Gain	72032
CNVR_200	4	106108030	106133947	3	3			3		Gain	25918
CNVR_201	4	106422540	106435387	2	2			2		Gain	12848
CNVR_202	4	109506472	109533204	1	1			1		Gain	26733
CNVR_203	4	112837075	112994064	9	9			9		Gain	156990
CNVR_204	4	115362693	115381846	2	2			2		Gain	19154
CNVR_205	4	117362940	117480000	1	1			1		Gain	117061
CNVR_206	5	1481839	1533449	1	1		1			Loss	51611
CNVR_207	5	11370216	11551233	1	1		1			Loss	181018
CNVR_208	5	14819458	14878496	2	2		2			Loss	59039
CNVR_209	5	27040938	27114028	1	1			1		Gain	73091
CNVR_210	5	27670995	27685526	1	1			1		Gain	14532
CNVR_211	5	29594972	29606401	1	1			1		Gain	11430
CNVR_212	5	40559187	40689866	1	1		1			Loss	130680
CNVR_213	5	41739940	41856142	1	1		1			Loss	116203
CNVR_214	5	49769854	49803392	1	1		1			Loss	33539
CNVR_215	5	50066009	50182992	1	1		1			Loss	116984
CNVR_216	5	50956526	51204033	6	6		3	3		Mixed	247508
CNVR_217	5	52206965	52946033	3	3		3			Loss	739069
CNVR_218	5	54521099	54997923	2	2		2			Loss	476825
CNVR_219	5	56035754	56081838	1	1		1			Loss	46085
CNVR_220	5	58039011	58068698	4	4		4			Loss	29688
CNVR_221	5	58925936	59139148	1	1		1			Loss	213213
CNVR_222	5	59736550	59953158	1	1		1			Loss	216609
CNVR_223	5	64116108	64230589	1	1		1			Loss	114482
CNVR_224	5	87897883	87923946	1	1		1			Loss	26064
CNVR_225	5	92198681	92350564	1	1		1			Loss	151884
CNVR_226	5	93182084	93240620	21	21		14	7		Mixed	58537
CNVR_227	5	93611048	93661305	1	1			1		Gain	50258
CNVR_228	5	95376929	95494887	7	7		1	4	2	Mixed	117959
CNVR_229	5	97624572	97673415	1	1		1			Loss	48844
CNVR_230	5	100100898	100409257	1	1			1		Gain	308360
CNVR_231	5	101977430	102029541	11	11		1	10		Mixed	52112
CNVR_232	5	102317408	102463152	1	1		1			Loss	145745
CNVR_233	5	102630827	103046878	1	1			1		Gain	416052
CNVR_234	5	106022933	106090114	1	1		1			Loss	67182
CNVR_235	5	106990076	107114180	1	1			1		Gain	124105
CNVR_236	5	109783129	109801761	1	1			1		Gain	18633
CNVR_237	5	111781297	111914115	2	2		2			Loss	132819
CNVR_238	5	113908560	113929923	1	1			1		Gain	21364
CNVR_239	5	114595880	114640633	5	5			5		Gain	44754
CNVR_240	5	115346239	115381438	1	1		1			Loss	35200
CNVR_241	5	116466547	116483271	2	2			2		Gain	16725
CNVR_242	5	116828442	116894325	1	1		1			Loss	65884
CNVR_243	5	117061847	117365223	2	2		1	1		Mixed	303377
CNVR_244	5	118094837	120071585	57	55	10	34	13		Mixed	1976749
CNVR_245	6	377725	481936	4	4			4		Gain	104212
CNVR_246	6	898495	929478	1	1		1			Loss	30984
CNVR_247	6	3348603	3447118	1	1			1		Gain	98516
CNVR_248	6	4884823	4907277	1	1			1		Gain	22455
CNVR_249	6	7907346	8267237	13	13		11	2		Mixed	359892
CNVR_250	6	8630173	8680850	2	2		2			Loss	50678
CNVR_251	6	8881200	8918487	1	1		1			Loss	37288
CNVR_252	6	9387456	9700250	2	2		1	1		Mixed	312795
CNVR_253	6	9761695	10583779	2	2		1	1		Mixed	822085
CNVR_254	6	11131845	11226708	3	3		3			Loss	94864
CNVR_255	6	18364684	18413478	1	1			1		Gain	48795
CNVR_256	6	18924476	18955466	1	1			1		Gain	30991
CNVR_257	6	23684408	23807252	6	6		6			Loss	122845
CNVR_258	6	27204121	27311786	1	1			1		Gain	107666
CNVR_259	6	27672686	27932016	8	8		8			Loss	259331
CNVR_260	6	32078652	32351461	3	3		2	1		Mixed	272810
CNVR_261	6	34198104	34610791	2	2		2			Loss	412688
CNVR_262	6	35810085	35868374	1	1		1			Loss	58290
CNVR_263	6	36535012	36551432	8	8		8			Loss	16421
CNVR_264	6	37136794	37145522	2	2			2		Gain	8729
CNVR_265	6	37328528	37384980	2	2			2		Gain	56453
CNVR_266	6	37403224	37536990	3	3		1	2		Mixed	133767
CNVR_267	6	37819224	37860407	1	1			1		Gain	41184
CNVR_268	6	39652421	39825526	1	1		1			Loss	173106
CNVR_269	6	48091763	48297773	1	1			1		Gain	206011
CNVR_270	6	49115441	49295440	1	1			1		Gain	180000
CNVR_271	6	49436559	49506932	2	2		1	1		Mixed	70374
CNVR_272	6	51955052	52193551	2	2		2			Loss	238500
CNVR_273	6	52267908	52320441	4	4		3	1		Mixed	52534
CNVR_274	6	53621155	53661568	1	1		1			Loss	40414
CNVR_275	6	54185052	54243442	5	5		2	3		Mixed	58391
CNVR_276	6	54520169	54741260	6	6		5	1		Mixed	221092
CNVR_277	6	54895952	54952310	1	1		1			Loss	56359
CNVR_278	6	55123673	55172459	1	1		1			Loss	48787
CNVR_279	6	55277164	55675135	6	6		4	1	1	Mixed	397972
CNVR_280	6	58726504	59015036	1	1		1			Loss	288533
CNVR_281	6	64567530	64836801	4	4		4			Loss	269272
CNVR_282	6	67471713	67537362	2	2		2			Loss	65650
CNVR_283	6	74055110	74326833	1	1			1		Gain	271724
CNVR_284	6	75035526	75136430	2	2			2		Gain	100905
CNVR_285	6	75576260	76179944	10	10		10			Loss	603685
CNVR_286	6	77611108	77764419	2	2		2			Loss	153312
CNVR_287	6	78066538	78137497	1	1			1		Gain	70960
CNVR_288	6	78200335	78594363	7	7		3	4		Mixed	394029
CNVR_289	6	78934676	78963886	4	4		4			Loss	29211
CNVR_290	6	79138335	80077784	11	11		6	4	1	Mixed	939450
CNVR_291	6	80296438	80425423	1	1		1			Loss	128986
CNVR_292	6	81960519	81996207	1	1		1			Loss	35689
CNVR_293	6	82283005	82474111	1	1		1			Loss	191107
CNVR_294	6	82895900	83003450	8	8		8			Loss	107551
CNVR_295	6	84203997	84274386	4	4		3	1		Mixed	70390
CNVR_296	6	84734130	84847352	2	2			2		Gain	113223
CNVR_297	6	85029289	85059442	1	1		1			Loss	30154
CNVR_298	6	89886763	89911008	1	1			1		Gain	24246
CNVR_299	6	90459046	90505918	1	1			1		Gain	46873
CNVR_300	6	95406549	95707067	3	3		3			Loss	300519
CNVR_301	6	102542717	102632299	1	1			1		Gain	89583
CNVR_302	6	113734699	113753509	1	1			1		Gain	18811
CNVR_303	6	113950763	115559907	9	8		3	5	1	Mixed	1609145
CNVR_304	6	116502046	116604041	1	1			1		Gain	101996
CNVR_305	6	116669816	117767753	9	8		4	4	1	Mixed	1097938
CNVR_306	7	302318	435584	81	81	23	41	17		Mixed	133267
CNVR_307	7	1080046	1085828	2	2		2			Loss	5783
CNVR_308	7	8782634	10694692	71	47	1	5	65		Mixed	1912059
CNVR_309	7	13697805	13734002	1	1			1		Gain	36198
CNVR_310	7	14032208	14079651	2	2		2			Loss	47444
CNVR_311	7	19895604	19964975	1	1			1		Gain	69372
CNVR_312	7	21752546	21802513	2	2		2			Loss	49968
CNVR_313	7	21927815	21963795	1	1			1		Gain	35981
CNVR_314	7	21972718	22003609	1	1			1		Gain	30892
CNVR_315	7	22007584	22028121	2	2			1	1	Gain	20538
CNVR_316	7	22521430	23489956	3	3		3			Loss	968527
CNVR_317	7	23726597	23741599	7	7			7		Gain	15003
CNVR_318	7	23777525	23909364	1	1		1			Loss	131840
CNVR_319	7	27125730	27164197	2	2		2			Loss	38468
CNVR_320	7	27289094	27323816	2	2			2		Gain	34723
CNVR_321	7	28248391	28300663	1	1	1				Loss	52273
CNVR_322	7	29632170	29715806	1	1		1			Loss	83637
CNVR_323	7	30148992	30221996	1	1		1			Loss	73005
CNVR_324	7	32149630	32165961	1	1		1			Loss	16332
CNVR_325	7	32271801	32525437	4	4			4		Gain	253637
CNVR_326	7	34703029	34849454	3	3			3		Gain	146426
CNVR_327	7	35861973	35908827	8	8		8			Loss	46855
CNVR_328	7	38226065	38417700	1	1		1			Loss	191636
CNVR_329	7	41766797	41803776	5	5		5			Loss	36980
CNVR_330	7	41936355	41982734	30	30			30		Gain	46380
CNVR_331	7	43792866	43820298	1	1		1			Loss	27433
CNVR_332	7	48637966	48666251	5	5		5			Loss	28286
CNVR_333	7	51895416	52030052	1	1			1		Gain	134637
CNVR_334	7	63986651	63993856	1	1			1		Gain	7206
CNVR_335	7	68038227	68126506	1	1		1			Loss	88280
CNVR_336	7	68637147	68783389	10	10			10		Gain	146243
CNVR_337	7	76775175	76875877	1	1			1		Gain	100703
CNVR_338	7	83768386	84051130	2	2		2			Loss	282745
CNVR_339	7	84913932	85334346	6	6		1	4	1	Mixed	420415
CNVR_340	7	85403302	85574705	1	1		1			Loss	171404
CNVR_341	7	85708141	86089669	8	8		6	1	1	Mixed	381529
CNVR_342	7	86947630	86986302	1	1			1		Gain	38673
CNVR_343	7	90843162	90863630	3	3		2	1		Mixed	20469
CNVR_344	7	92606984	92627202	1	1			1		Gain	20219
CNVR_345	7	98715802	98830419	1	1	1				Loss	114618
CNVR_346	7	104750222	105041144	1	1		1			Loss	290923
CNVR_347	7	105462436	105867541	6	6		3	3		Mixed	405106
CNVR_348	7	109884675	110293886	2	2			2		Gain	409212
CNVR_349	8	9684395	9780883	1	1		1			Loss	96489
CNVR_350	8	13077137	13122647	2	2		2			Loss	45511
CNVR_351	8	18765857	18805955	1	1		1			Loss	40099
CNVR_352	8	32197901	32662197	9	9		8	1		Mixed	464297
CNVR_353	8	32806816	32858506	2	2		2			Loss	51691
CNVR_354	8	34951876	34993695	1	1			1		Gain	41820
CNVR_355	8	35116935	35365281	1	1			1		Gain	248347
CNVR_356	8	37331265	37364984	1	1		1			Loss	33720
CNVR_357	8	38363220	38420499	1	1		1			Loss	57280
CNVR_358	8	41033208	41261675	3	3		3			Loss	228468
CNVR_359	8	43615936	43824913	1	1			1		Gain	208978
CNVR_360	8	49847676	49906165	1	1		1			Loss	58490
CNVR_361	8	74218630	74308553	1	1		1			Loss	89924
CNVR_362	8	81613969	81655976	1	1			1		Gain	42008
CNVR_363	8	82609588	82677709	2	2		2			Loss	68122
CNVR_364	8	91370047	91391939	1	1			1		Gain	21893
CNVR_365	8	91640710	92228621	7	7		2	5		Mixed	587912
CNVR_366	8	92481299	93081733	8	7		4	3	1	Mixed	600435
CNVR_367	8	94169835	94348272	4	4	4				Loss	178438
CNVR_368	8	101535908	101914044	4	4		4			Loss	378137
CNVR_369	8	111620772	111672008	1	1			1		Gain	51237
CNVR_370	8	113222022	113255527	5	5		1	4		Mixed	33506
CNVR_371	9	173760	222508	2	2		2			Loss	48749
CNVR_372	9	1232090	1407386	2	2		2			Loss	175297
CNVR_373	9	1608298	2388286	3	3		2	1		Mixed	779989
CNVR_374	9	2941607	3042012	3	3		3			Loss	100406
CNVR_375	9	3132080	3414493	4	4		2	2		Mixed	282414
CNVR_376	9	3559450	3580288	2	2		2			Loss	20839
CNVR_377	9	3973893	4089125	3	3		3			Loss	115233
CNVR_378	9	5362298	5408530	1	1		1			Loss	46233
CNVR_379	9	6120381	6144440	2	2		2			Loss	24060
CNVR_380	9	6547715	6782725	1	1		1			Loss	235011
CNVR_381	9	7097350	7215840	3	3		2	1		Mixed	118491
CNVR_382	9	13809560	13921073	1	1			1		Gain	111514
CNVR_383	9	13993416	14079882	6	6	1	4	1		Mixed	86467
CNVR_384	9	16995696	17031856	1	1			1		Gain	36161
CNVR_385	9	18547078	18650496	8	8		6	2		Mixed	103419
CNVR_386	9	24739623	24872710	3	3		2	1		Mixed	133088
CNVR_387	9	28284086	28305499	1	1		1			Loss	21414
CNVR_388	9	30547032	30573582	37	37	2	35			Loss	26551
CNVR_389	9	35091696	35630351	1	1			1		Gain	538656
CNVR_390	9	40282917	40345809	7	7			7		Gain	62893
CNVR_391	9	46842020	47156326	3	3		2	1		Mixed	314307
CNVR_392	9	47868930	47921833	1	1		1			Loss	52904
CNVR_393	9	49224046	49366561	1	1			1		Gain	142516
CNVR_394	9	50321700	50390151	1	1		1			Loss	68452
CNVR_395	9	51545402	51588928	4	4		2	2		Mixed	43527
CNVR_396	9	53435870	53586319	2	2		1	1		Mixed	150450
CNVR_397	9	55258768	55266028	2	2		2			Loss	7261
CNVR_398	9	55537105	55645778	1	1		1			Loss	108674
CNVR_399	9	60765441	60813474	1	1			1		Gain	48034
CNVR_400	9	65629321	65652443	5	5		5			Loss	23123
CNVR_401	9	65885583	66036771	3	3		3			Loss	151189
CNVR_402	9	68293784	68313927	1	1		1			Loss	20144
CNVR_403	9	71761625	71867488	1	1			1		Gain	105864
CNVR_404	9	73729142	73848491	1	1		1			Loss	119350
CNVR_405	9	74344115	74447886	1	1		1			Loss	103772
CNVR_406	9	79635272	79745361	1	1		1			Loss	110090
CNVR_407	9	80376639	80415149	2	2			1	1	Gain	38511
CNVR_408	9	88636634	88684552	2	2		2			Loss	47919
CNVR_409	9	90715541	90747056	3	3		3			Loss	31516
CNVR_410	9	92507446	92528200	1	1		1			Loss	20755
CNVR_411	9	98170529	98202076	1	1			1		Gain	31548
CNVR_412	9	102050512	102068573	2	2		2			Loss	18062
CNVR_413	9	102582381	102615677	1	1		1			Loss	33297
CNVR_414	9	104218103	104379663	2	2			2		Gain	161561
