CNVR_ID	Chr	Start	End	Frequency	n_Sample	0	1	3	4	Type	Length
CNVR_380	10	22379850	25265627	112	87	43	35	34	NA	Mixed	2885778
CNVR_440	11	103264921	107282960	76	56	NA	20	48	8	Mixed	4018040
CNVR_451	12	32089643	32251435	98	91	4	20	74	NA	Mixed	161793
CNVR_454	12	42098999	43799317	24	22	NA	17	7	NA	Mixed	1700319
CNVR_462	12	57900635	58725768	76	49	2	68	6	NA	Mixed	825134
CNVR_474	12	72419043	76870470	187	126	56	39	92	NA	Mixed	4451428
CNVR_475	12	82137254	82234423	33	26	14	19	NA	NA	Loss	97170
CNVR_497	13	43643509	43790405	53	42	NA	NA	53	NA	Gain	146897
CNVR_527	14	78336871	78386690	35	30	10	25	NA	NA	Loss	49820
CNVR_561	15	80280657	80935724	88	63	10	33	43	2	Mixed	655068
CNVR_571	16	15118639	15537023	49	48	43	2	4	NA	Mixed	418385
CNVR_615	17	73291697	75132928	49	41	NA	15	30	4	Mixed	1841232
CNVR_61	2	27366556	28035273	45	23	NA	1	44	NA	Mixed	668718
CNVR_72	2	63897151	64043648	45	36	NA	NA	45	NA	Gain	146498
CNVR_703	20	70752003	71971771	34	32	NA	6	28	NA	Mixed	1219769
CNVR_748	23	26180182	26369699	34	34	18	3	13	NA	Mixed	189518
CNVR_774	25	173462	1771425	50	43	NA	20	29	1	Mixed	1597964
CNVR_813	28	2313753	2869287	143	134	139	NA	4	NA	Mixed	555535
CNVR_103	3	54369910	55074485	58	33	NA	5	45	8	Mixed	704576
CNVR_123	4	6223614	6425277	81	45	NA	NA	81	NA	Gain	201664
CNVR_129	4	17858900	18815510	24	24	1	20	3	NA	Mixed	956611
CNVR_142	4	66482908	67007235	64	38	NA	1	63	NA	Mixed	524328
CNVR_146	4	72297257	72561411	29	25	6	19	4	NA	Mixed	264155
CNVR_147	4	73676903	73758088	34	32	4	30	NA	NA	Loss	81186
CNVR_184	5	89545151	93920010	22	22	NA	13	9	NA	Mixed	4374860
CNVR_198	5	119212170	121175859	56	43	23	17	15	1	Mixed	1963690
CNVR_204	6	8617907	11875487	26	21	NA	19	7	NA	Mixed	3257581
CNVR_239	6	85838311	86207116	59	59	53	5	1	NA	Mixed	368806
CNVR_253	7	169828	233662	101	76	46	39	16	NA	Mixed	63835
CNVR_255	7	9434503	11402583	112	48	4	5	101	2	Mixed	1968081
CNVR_282	7	86053351	88572978	23	21	8	8	5	2	Mixed	2519628
CNVR_310	8	83190665	83273697	46	46	46	NA	NA	NA	Loss	83033
CNVR_342	9	30939888	30966432	40	38	4	36	NA	NA	Loss	26545
