CNVR_ID	Chr	Start	End	Frequency	n_Sample
CNVR_1	1	835371	1363932	11	11
CNVR_2	1	4784221	4834622	1	1
CNVR_3	1	6154638	6236417	2	2
CNVR_4	1	6521869	6643841	3	3
CNVR_5	1	9038916	9080890	1	1
CNVR_6	1	14652420	14717338	1	1
CNVR_7	1	14876816	14961941	1	1
CNVR_8	1	15103954	15207398	1	1
CNVR_9	1	15491288	15605365	2	2
CNVR_10	1	15937076	16069418	2	1
CNVR_11	1	16119771	17021138	21	19
CNVR_12	1	17354497	17685698	8	8
CNVR_13	1	18946871	18998146	1	1
CNVR_14	1	22539046	26966818	4	4
CNVR_15	1	30224415	30414871	3	3
CNVR_16	1	31038475	31269020	4	4
CNVR_17	1	31641787	31670765	1	1
CNVR_18	1	33149633	33176151	1	1
CNVR_19	1	37713094	37781476	12	12
CNVR_20	1	38352766	38403540	1	1
CNVR_21	1	38472886	40379850	11	7
CNVR_22	1	44526250	44542735	1	1
CNVR_23	1	45423220	45479172	1	1
CNVR_24	1	47078177	50057426	3	3
CNVR_25	1	51169451	51211635	1	1
CNVR_26	1	55259756	55396138	2	1
CNVR_27	1	62918442	63025706	1	1
CNVR_28	1	70590429	71015840	3	3
CNVR_29	1	71602911	71651658	1	1
CNVR_30	1	71848306	72350394	4	3
CNVR_31	1	76322131	76347831	1	1
CNVR_32	1	81933912	82007029	8	8
CNVR_33	1	84345904	84424501	6	6
CNVR_34	1	84660080	84897864	7	7
CNVR_35	1	88638760	88904687	4	2
CNVR_36	1	90813044	95047587	15	15
CNVR_37	1	95549663	95571642	1	1
CNVR_38	1	101686457	101752491	1	1
CNVR_39	1	102155986	102211862	1	1
CNVR_40	1	104804260	104881796	1	1
CNVR_41	1	105018867	105084197	1	1
CNVR_42	1	105405603	105603997	1	1
CNVR_43	1	105754655	105922886	1	1
CNVR_44	1	106062371	106295981	1	1
CNVR_45	1	123954981	124246283	2	2
CNVR_46	1	127518399	127749327	7	7
CNVR_47	1	142904469	142999555	4	4
CNVR_48	1	155772311	155802431	1	1
CNVR_369	10	2315405	2335938	4	3
CNVR_370	10	6775423	6918607	1	1
CNVR_371	10	9086487	9319944	2	2
CNVR_372	10	10405527	10598785	2	2
CNVR_373	10	11278001	11484520	6	6
CNVR_374	10	13180019	13252429	2	2
CNVR_375	10	14129663	14200836	2	1
CNVR_376	10	18743955	18882288	2	2
CNVR_377	10	19017657	19095908	1	1
CNVR_378	10	19589393	19631935	1	1
CNVR_379	10	22208708	22252878	1	1
CNVR_380	10	22379850	25265627	112	87
CNVR_381	10	27053298	27098905	1	1
CNVR_382	10	28081786	28104991	1	1
CNVR_383	10	30431807	30475998	1	1
CNVR_384	10	34862923	35014790	3	3
CNVR_385	10	41754525	41812396	1	1
CNVR_386	10	42702663	42912594	3	3
CNVR_387	10	44556318	44773388	1	1
CNVR_388	10	45323831	45364839	1	1
CNVR_389	10	45465423	45864066	2	2
CNVR_390	10	46548679	46598505	1	1
CNVR_391	10	46665928	46694410	1	1
CNVR_392	10	51307984	51409033	1	1
CNVR_393	10	53716124	53858411	1	1
CNVR_394	10	55708101	55805448	6	5
CNVR_395	10	55993255	56015779	1	1
CNVR_396	10	70258844	70279755	1	1
CNVR_397	10	70813663	70948919	2	2
CNVR_398	10	74818051	74844181	3	3
CNVR_399	10	77091346	77143173	1	1
CNVR_400	10	78857995	79609792	2	2
CNVR_401	10	85649939	85681663	1	1
CNVR_402	10	87560350	87803366	4	2
CNVR_403	10	93072865	93209190	1	1
CNVR_404	10	96019445	96065191	4	4
CNVR_405	10	99558858	99578526	1	1
CNVR_406	10	101705094	101774038	3	3
CNVR_407	10	104016609	104169157	5	3
CNVR_408	11	4164802	4225930	3	3
CNVR_409	11	4895956	5024435	1	1
CNVR_410	11	9651152	9723257	1	1
CNVR_411	11	10557842	10630544	1	1
CNVR_412	11	14754856	15310374	2	2
CNVR_413	11	16727817	18471801	1	1
CNVR_414	11	18657945	18761593	1	1
CNVR_415	11	20307979	20350454	7	7
CNVR_416	11	21273832	21411953	1	1
CNVR_417	11	21729651	21787561	1	1
CNVR_418	11	24539772	24571828	1	1
CNVR_419	11	26002816	26778035	2	2
CNVR_420	11	30508351	30551963	1	1
CNVR_421	11	31967781	32045073	1	1
CNVR_422	11	34053470	34147377	1	1
CNVR_423	11	34273579	34450957	1	1
CNVR_424	11	39888471	39936968	3	2
CNVR_425	11	40875595	40926195	1	1
CNVR_426	11	48066628	48307936	1	1
CNVR_427	11	50330158	50376330	1	1
CNVR_428	11	51893364	51959170	2	2
CNVR_429	11	52004919	52140975	1	1
CNVR_430	11	52294718	52589176	1	1
CNVR_431	11	52843813	53132515	1	1
CNVR_432	11	57227882	57458664	2	2
CNVR_433	11	57882097	58442169	14	14
CNVR_434	11	59819328	59953372	1	1
CNVR_435	11	62308426	62392223	4	4
CNVR_436	11	67016791	67092069	1	1
CNVR_437	11	73292193	73361709	1	1
CNVR_438	11	86965492	87049822	1	1
CNVR_439	11	94181367	94358420	3	3
CNVR_440	11	103264921	107282960	76	56
CNVR_441	12	656896	965897	3	3
CNVR_442	12	3070920	3133307	1	1
CNVR_443	12	7706111	7992972	6	6
CNVR_444	12	8987624	9079069	4	4
CNVR_445	12	10027493	10140443	5	5
CNVR_446	12	16187847	16218277	1	1
CNVR_447	12	18096610	18115848	1	1
CNVR_448	12	18472407	18621312	2	2
CNVR_449	12	18961923	19094374	3	3
CNVR_450	12	24668970	24744439	1	1
CNVR_451	12	32089643	32251435	98	91
CNVR_452	12	34446868	34505806	1	1
CNVR_453	12	41433032	41774341	5	5
CNVR_454	12	42098999	43799317	24	22
CNVR_455	12	44945392	45196682	3	3
CNVR_456	12	45803408	45870499	3	3
CNVR_457	12	48956332	49095991	2	2
CNVR_458	12	49318748	49360921	3	3
CNVR_459	12	52546816	52734777	2	2
CNVR_460	12	55525519	55583608	1	1
CNVR_461	12	57683012	57803744	2	2
CNVR_462	12	57900635	58725768	76	49
CNVR_463	12	59108123	59239590	11	6
CNVR_464	12	60314821	60568356	6	6
CNVR_465	12	61608282	61759245	4	3
CNVR_466	12	61940033	61985662	1	1
CNVR_467	12	63477827	63808345	5	5
CNVR_468	12	63877940	63924613	2	2
CNVR_469	12	64265529	64338643	1	1
CNVR_470	12	64423410	64479833	1	1
CNVR_471	12	64866107	64977456	2	2
CNVR_472	12	70488515	70618867	21	19
CNVR_473	12	70776064	72117025	16	16
CNVR_474	12	72419043	76870470	187	126
CNVR_475	12	82137254	82234423	33	26
CNVR_476	12	83266140	85453952	5	4
CNVR_477	12	87614984	87713590	1	1
CNVR_478	12	90077862	90704572	4	4
CNVR_479	12	90805949	90841961	1	1
CNVR_480	13	1342729	1425986	1	1
CNVR_481	13	10898488	10947084	1	1
CNVR_482	13	12337975	12436043	3	3
CNVR_483	13	12543348	12808180	3	2
CNVR_484	13	18066756	18175649	2	2
CNVR_485	13	20225194	20545039	9	9
CNVR_486	13	21837701	21849615	4	4
CNVR_487	13	25949166	26092531	4	4
CNVR_488	13	27768125	27856692	2	2
CNVR_489	13	31136924	31199165	1	1
CNVR_490	13	32353276	32449211	4	4
CNVR_491	13	32511358	32549797	1	1
CNVR_492	13	34088214	34218693	1	1
CNVR_493	13	35528832	35615849	1	1
CNVR_494	13	36918152	37145268	1	1
CNVR_495	13	40972213	41035630	2	2
CNVR_496	13	41643163	41693700	12	12
CNVR_497	13	43643509	43790405	53	42
CNVR_498	13	46502709	46530325	2	2
CNVR_499	13	50407864	50607191	2	2
CNVR_500	13	53838879	53862891	1	1
CNVR_501	13	53915515	54076116	8	6
CNVR_502	13	54663649	55426095	8	8
CNVR_503	13	55594826	55613243	3	3
CNVR_504	13	57876144	58099969	1	1
CNVR_505	13	58163971	58253335	1	1
CNVR_506	13	66717189	66727403	1	1
CNVR_507	13	67490759	67530414	1	1
CNVR_508	13	78238893	78282460	5	5
CNVR_509	13	82264829	82287584	1	1
CNVR_510	14	1651311	2239085	6	6
CNVR_511	14	2264522	2488265	4	4
CNVR_512	14	3153520	3548691	1	1
CNVR_513	14	3620640	3685543	1	1
CNVR_514	14	19993440	20421717	11	6
CNVR_515	14	23638459	23685731	2	2
CNVR_516	14	26794576	26810988	1	1
CNVR_517	14	26841503	26905915	2	2
CNVR_518	14	27408939	27463991	4	4
CNVR_519	14	33417077	33510162	1	1
CNVR_520	14	41433649	41518493	1	1
CNVR_521	14	53328003	53371542	1	1
CNVR_522	14	55219280	55910671	6	6
CNVR_523	14	60215944	60249222	1	1
CNVR_524	14	66725671	67048933	1	1
CNVR_525	14	74372426	74414864	1	1
CNVR_526	14	77329830	77442081	3	3
CNVR_527	14	78336871	78386690	35	30
CNVR_528	14	79178022	79315318	2	2
CNVR_529	14	80422782	80603981	5	5
CNVR_530	14	81097513	81125493	1	1
CNVR_531	14	81584369	81647927	2	2
CNVR_532	14	83652503	83853220	1	1
CNVR_533	14	84594318	84628243	2	1
CNVR_534	15	74750	1295957	6	5
CNVR_535	15	2130402	4293948	17	11
CNVR_536	15	6612281	6679978	1	1
CNVR_537	15	10991066	11197384	2	2
CNVR_538	15	11439502	11715623	4	4
CNVR_539	15	11967665	12088152	4	4
CNVR_540	15	12689785	12751702	1	1
CNVR_541	15	18569217	18664416	1	1
CNVR_542	15	20590237	20737282	2	2
CNVR_543	15	29871540	29985272	1	1
CNVR_544	15	38366974	38519493	1	1
CNVR_545	15	45172230	45214807	1	1
CNVR_546	15	45479580	45540133	1	1
CNVR_547	15	46539222	46975690	14	12
CNVR_548	15	47873132	48075574	21	19
CNVR_549	15	50409037	50444721	2	2
CNVR_550	15	52290626	52421203	1	1
CNVR_551	15	53963778	54005235	1	1
CNVR_552	15	55459883	55502718	1	1
CNVR_553	15	56546863	56736391	2	2
CNVR_554	15	57620485	57733709	1	1
CNVR_555	15	62630856	62647758	1	1
CNVR_556	15	68021790	68058858	1	1
CNVR_557	15	68387254	73255004	9	9
CNVR_558	15	74297570	74365136	1	1
CNVR_559	15	74461397	74518742	1	1
CNVR_560	15	80033854	80069939	1	1
CNVR_561	15	80280657	80935724	88	63
CNVR_562	15	80991339	81076017	3	3
CNVR_563	15	81488498	81513752	1	1
CNVR_564	15	85132419	85272311	1	1
CNVR_565	16	2306627	2321416	1	1
CNVR_566	16	5584314	6125517	20	16
CNVR_567	16	6208012	6272908	3	3
CNVR_568	16	8405022	8457522	4	4
CNVR_569	16	10859069	10958964	2	1
CNVR_570	16	12465527	12508155	3	3
CNVR_571	16	15118639	15537023	49	48
CNVR_572	16	16788521	16880383	3	3
CNVR_573	16	27091029	27164390	1	1
CNVR_574	16	28229247	28270797	1	1
CNVR_575	16	28863840	28949332	2	2
CNVR_576	16	30962706	31255320	1	1
CNVR_577	16	33515802	33613674	1	1
CNVR_578	16	34094009	34354132	6	6
CNVR_579	16	47971231	48088496	3	3
CNVR_580	16	50414751	50966489	4	4
CNVR_581	16	51095203	51214395	2	2
CNVR_582	16	51267407	51460884	1	1
CNVR_583	16	56668701	56803437	3	3
CNVR_584	16	57829170	57855149	1	1
CNVR_585	16	61020819	61064265	1	1
CNVR_586	16	61932640	62244131	36	18
CNVR_587	16	63687923	63721883	1	1
CNVR_588	16	70882322	70906202	1	1
CNVR_589	16	71349209	71431541	1	1
CNVR_590	16	78059640	78134822	1	1
CNVR_591	16	78498476	78553509	1	1
CNVR_592	17	727200	2748831	1	1
CNVR_593	17	6780652	6834140	2	2
CNVR_594	17	6875650	7144481	3	3
CNVR_595	17	8815216	8940106	3	3
CNVR_596	17	21319214	21627514	4	4
CNVR_597	17	22285150	22378265	1	1
CNVR_598	17	22889724	23431642	9	9
CNVR_599	17	23903929	23942252	1	1
CNVR_600	17	24308458	24539327	4	4
CNVR_601	17	25010293	25167004	3	3
CNVR_602	17	26793994	26896170	1	1
CNVR_603	17	27097698	27484341	9	9
CNVR_604	17	30640617	34057200	3	3
CNVR_605	17	34933710	35050237	1	1
CNVR_606	17	39437952	39505279	1	1
CNVR_607	17	42422307	42685587	6	4
CNVR_608	17	47608485	47667026	1	1
CNVR_609	17	50685977	51000846	2	2
CNVR_610	17	55118382	55314133	2	2
CNVR_611	17	56310258	56514551	1	1
CNVR_612	17	59344670	59449631	7	7
CNVR_613	17	60881278	61082159	1	1
CNVR_614	17	67975896	68052478	1	1
CNVR_615	17	73291697	75132928	49	41
CNVR_616	18	2698908	2864232	2	2
CNVR_617	18	5593975	5684886	1	1
CNVR_618	18	12418878	12519571	1	1
CNVR_619	18	13346768	13415468	1	1
CNVR_620	18	13811610	13974114	1	1
CNVR_621	18	15547815	15883183	2	2
CNVR_622	18	16836655	16869103	1	1
CNVR_623	18	25906797	26085825	1	1
CNVR_624	18	27235807	27304159	2	2
CNVR_625	18	27529633	27649787	2	2
CNVR_626	18	27870868	28375091	4	2
CNVR_627	18	36757115	36895563	1	1
CNVR_628	18	38815705	38883296	1	1
CNVR_629	18	48200818	48217729	1	1
CNVR_630	18	57516245	57565406	1	1
CNVR_631	18	61156737	61172967	1	1
CNVR_632	18	61206414	61241191	1	1
CNVR_633	18	61644854	61929947	17	17
CNVR_634	18	63359526	63423120	1	1
CNVR_635	18	63672441	63710811	1	1
CNVR_636	18	63896972	63931097	1	1
CNVR_637	18	65892176	65999195	5	5
CNVR_638	19	3247474	3273393	1	1
CNVR_639	19	7761493	7902781	16	15
CNVR_640	19	9896033	9980268	8	8
CNVR_641	19	10114361	10377677	1	1
CNVR_642	19	10426372	10457357	1	1
CNVR_643	19	11049355	11199299	2	2
CNVR_644	19	11341602	11435269	1	1
CNVR_645	19	11516852	11672305	3	3
CNVR_646	19	12506188	12592024	1	1
CNVR_647	19	13992324	14062783	1	1
CNVR_648	19	14543123	14606603	3	3
CNVR_649	19	18232821	18299083	2	2
CNVR_650	19	18351965	18467274	1	1
CNVR_651	19	18943093	19047484	1	1
CNVR_652	19	24752222	24812617	1	1
CNVR_653	19	27576066	28031919	4	3
CNVR_654	19	32113206	32239821	1	1
CNVR_655	19	39064320	39126656	1	1
CNVR_656	19	42064863	42089455	1	1
CNVR_657	19	46723662	46908534	2	2
CNVR_658	19	47507587	47649610	1	1
CNVR_659	19	48050643	48389861	3	3
CNVR_660	19	49621708	49818910	1	1
CNVR_661	19	51370101	51720852	4	4
CNVR_662	19	52740740	52872517	6	4
CNVR_663	19	55101341	55191677	2	2
CNVR_664	19	56129958	56136270	1	1
CNVR_665	19	56955428	56993243	1	1
CNVR_49	2	160777	211641	1	1
CNVR_50	2	2254298	2303356	5	5
CNVR_51	2	4720583	4792312	1	1
CNVR_52	2	7457310	8521798	9	9
CNVR_53	2	8933349	9454144	15	15
CNVR_54	2	9890166	13411225	17	16
CNVR_55	2	13597108	13668484	1	1
CNVR_56	2	19335330	19423385	2	2
CNVR_57	2	24714894	25093953	4	4
CNVR_58	2	25438405	25638543	3	3
CNVR_59	2	26362611	26460035	9	9
CNVR_60	2	26581537	26663654	1	1
CNVR_61	2	27366556	28035273	45	23
CNVR_62	2	28246133	29839570	2	2
CNVR_63	2	33138898	33255910	1	1
CNVR_64	2	35852731	35898373	3	3
CNVR_65	2	36438945	36483235	1	1
CNVR_66	2	41251021	41304807	2	2
CNVR_67	2	42042712	42293689	1	1
CNVR_68	2	48116316	48169527	1	1
CNVR_69	2	53200694	53749577	5	5
CNVR_70	2	55325381	58384394	11	11
CNVR_71	2	62666783	62708028	1	1
CNVR_72	2	63897151	64043648	45	36
CNVR_73	2	64218639	64784574	2	1
CNVR_74	2	66696730	69527656	5	5
CNVR_75	2	70866552	70957217	1	1
CNVR_76	2	74228539	78942271	11	10
CNVR_77	2	81336425	84170290	5	5
CNVR_78	2	98416238	98490521	2	2
CNVR_79	2	109500850	109537765	1	1
CNVR_80	2	111090957	111229939	1	1
CNVR_81	2	113716333	113946668	1	1
CNVR_82	2	115322601	115334808	9	9
CNVR_83	2	116287862	116325646	4	4
CNVR_84	2	120123192	120174934	4	4
CNVR_85	2	124336317	124398570	11	11
CNVR_86	2	129657387	129705588	2	2
CNVR_87	2	130381668	130511453	1	1
CNVR_666	20	1086515	1196509	13	8
CNVR_667	20	2695880	2886118	6	6
CNVR_668	20	4349864	4395656	1	1
CNVR_669	20	6385223	6505111	1	1
CNVR_670	20	6658421	6736039	1	1
CNVR_671	20	9813884	9890424	1	1
CNVR_672	20	9944380	9990379	1	1
CNVR_673	20	10253023	10424451	2	1
CNVR_674	20	11339161	11383301	1	1
CNVR_675	20	12042259	12066568	1	1
CNVR_676	20	16892519	16939858	1	1
CNVR_677	20	19520788	19630317	3	3
CNVR_678	20	21859742	21930618	1	1
CNVR_679	20	22292215	22462915	2	2
CNVR_680	20	22960402	23017834	1	1
CNVR_681	20	23825955	23886196	1	1
CNVR_682	20	25535571	25597446	1	1
CNVR_683	20	29717135	29785475	1	1
CNVR_684	20	33627823	33725417	2	2
CNVR_685	20	35249040	35502694	3	3
CNVR_686	20	36840675	37297072	4	4
CNVR_687	20	43217538	43381899	2	2
CNVR_688	20	43781018	43889666	1	1
CNVR_689	20	44211339	44237027	1	1
CNVR_690	20	44800524	44838496	1	1
CNVR_691	20	45966446	46107652	5	5
CNVR_692	20	47032305	47299949	8	8
CNVR_693	20	49339693	49592680	3	3
CNVR_694	20	50382552	50387798	1	1
CNVR_695	20	51611016	52183095	6	6
CNVR_696	20	53097198	53410194	3	3
CNVR_697	20	53717692	53855915	1	1
CNVR_698	20	54584766	54833709	3	3
CNVR_699	20	59957296	60129830	4	4
CNVR_700	20	60147560	61455283	8	8
CNVR_701	20	67627454	67680263	1	1
CNVR_702	20	68416149	68547457	2	2
CNVR_703	20	70752003	71971771	34	32
CNVR_704	21	5660254	5690539	1	1
CNVR_705	21	12262664	12408772	1	1
CNVR_706	21	13657850	13715904	2	2
CNVR_707	21	18061757	18077750	1	1
CNVR_708	21	20063553	20259891	17	17
CNVR_709	21	21744615	21859000	1	1
CNVR_710	21	22611195	22668633	1	1
CNVR_711	21	29654748	29762241	2	1
CNVR_712	21	30881502	30908358	1	1
CNVR_713	21	31741962	31817000	1	1
CNVR_714	21	32565592	32669870	1	1
CNVR_715	21	33084547	33113989	1	1
CNVR_716	21	33460066	33515083	4	4
CNVR_717	21	35167547	35248081	1	1
CNVR_718	21	37926564	37993399	8	8
CNVR_719	21	42275591	42357276	2	2
CNVR_720	21	51126328	51138460	1	1
CNVR_721	21	52273180	52490155	10	10
CNVR_722	21	52771584	53285393	3	2
CNVR_723	21	53743008	53779256	1	1
CNVR_724	21	54181213	54276389	6	5
CNVR_725	21	57072442	57114065	1	1
CNVR_726	21	66679072	66729354	1	1
CNVR_727	21	67413039	67542721	1	1
CNVR_728	21	70294301	71573501	15	13
CNVR_729	22	7124637	7186161	1	1
CNVR_730	22	9165638	9458557	2	1
CNVR_731	22	16248045	16342830	1	1
CNVR_732	22	17654297	17750153	1	1
CNVR_733	22	27856677	27911829	1	1
CNVR_734	22	32599934	32629919	1	1
CNVR_735	22	34085996	34168563	2	2
CNVR_736	22	43894412	44172715	2	2
CNVR_737	22	48712118	48846711	4	4
CNVR_738	22	49462432	49739973	1	1
CNVR_739	22	57444701	57486105	1	1
CNVR_740	22	58896426	59642976	3	3
CNVR_741	22	60038437	60143914	3	3
CNVR_742	22	60272991	61378199	9	9
CNVR_743	23	15894	1775946	1	1
CNVR_744	23	14580054	14873800	1	1
CNVR_745	23	16536674	16612406	2	2
CNVR_746	23	24580918	24671650	2	2
CNVR_747	23	25222914	25978647	1	1
CNVR_748	23	26180182	26369699	34	34
CNVR_749	23	27286587	27903991	8	8
CNVR_750	23	28341860	28413350	1	1
CNVR_751	23	28970578	29126339	6	6
CNVR_752	23	30383571	30574212	3	3
CNVR_753	23	30711619	30757886	1	1
CNVR_754	23	31338261	31726418	8	6
CNVR_755	23	32928987	32981013	1	1
CNVR_756	23	42992055	43047899	3	3
CNVR_757	23	52404772	52465632	2	2
CNVR_758	24	10184151	10269985	2	2
CNVR_759	24	11645293	11726699	1	1
CNVR_760	24	13158889	13331435	8	8
CNVR_761	24	13461216	13521424	1	1
CNVR_762	24	13564505	13604334	1	1
CNVR_763	24	17315979	17382473	2	2
CNVR_764	24	24582206	24620212	2	2
CNVR_765	24	26382635	29490959	15	13
CNVR_766	24	38690535	38729638	1	1
CNVR_767	24	41829351	41970218	3	3
CNVR_768	24	42541228	42608970	2	2
CNVR_769	24	44116929	44155534	2	2
CNVR_770	24	50880573	50931360	1	1
CNVR_771	24	52356772	52388202	2	2
CNVR_772	24	54164968	54204348	1	1
CNVR_773	24	60441853	60476719	2	1
CNVR_774	25	173462	1771425	50	43
CNVR_775	25	2317028	2424799	2	2
CNVR_776	25	9621091	9690819	6	4
CNVR_777	25	10109903	10160301	2	2
CNVR_778	25	13567579	13626127	1	1
CNVR_779	25	16557358	16647252	4	4
CNVR_780	25	36448529	36625127	3	3
CNVR_781	25	40387302	40436393	1	1
CNVR_782	25	41115465	42657417	17	15
CNVR_783	26	2965846	3087092	4	4
CNVR_784	26	11332743	11443033	1	1
CNVR_785	26	12364119	12500044	1	1
CNVR_786	26	13758800	13814193	1	1
CNVR_787	26	15851149	15868599	7	7
CNVR_788	26	21708133	21787462	2	2
CNVR_789	26	22037112	22215515	1	1
CNVR_790	26	23363852	23420638	1	1
CNVR_791	26	25691560	25776777	11	11
CNVR_792	26	27974246	28056789	3	3
CNVR_793	26	28646529	28784693	2	2
CNVR_794	26	30940158	30963937	1	1
CNVR_795	26	35852738	36025446	6	6
CNVR_796	26	36158390	36236584	1	1
CNVR_797	26	48187132	48223351	1	1
CNVR_798	26	50803545	51625550	22	19
CNVR_799	27	2168531	2287885	5	5
CNVR_800	27	6922514	6990804	1	1
CNVR_801	27	8160092	12430054	18	17
CNVR_802	27	15447004	18226356	1	1
CNVR_803	27	19272412	22448445	2	2
CNVR_804	27	22621161	22705701	1	1
CNVR_805	27	26393469	26444012	1	1
CNVR_806	27	29547672	29621503	3	3
CNVR_807	27	29739347	29871854	1	1
CNVR_808	27	33821790	33926784	1	1
CNVR_809	27	43766200	43816848	2	2
CNVR_810	27	45113851	45153084	1	1
CNVR_811	27	45256006	45388171	1	1
CNVR_812	28	1130202	1166081	1	1
CNVR_813	28	2313753	2869287	143	134
CNVR_814	28	3637555	3648435	2	2
CNVR_815	28	8022387	8200649	5	4
CNVR_816	28	8573287	8598618	1	1
CNVR_817	28	9886410	12593367	2	2
CNVR_818	28	19140712	19509353	1	1
CNVR_819	28	19587121	19643454	4	4
CNVR_820	28	20332119	24211870	4	4
CNVR_821	28	24480443	25386457	13	12
CNVR_822	28	28613311	29445044	4	4
CNVR_823	28	30030868	30587017	2	2
CNVR_824	28	33847185	33897208	1	1
CNVR_825	28	35051834	35113955	3	3
CNVR_826	28	36183465	36263181	1	1
CNVR_827	28	44421318	44824205	3	3
CNVR_828	29	3245223	3316585	1	1
CNVR_829	29	9461170	9542296	1	1
CNVR_830	29	13028703	15774315	2	2
CNVR_831	29	16907482	16937536	1	1
CNVR_832	29	19200818	22047517	21	19
CNVR_833	29	30113625	30132438	2	2
CNVR_834	29	31413726	31529635	12	12
CNVR_835	29	31693910	31734709	1	1
CNVR_836	29	36544016	36573929	1	1
CNVR_837	29	38767346	39842168	2	2
CNVR_838	29	46062895	46073378	1	1
CNVR_839	29	46703510	46800709	4	4
CNVR_840	29	47572920	47668622	2	2
CNVR_841	29	49261366	51492483	17	15
CNVR_88	3	413387	471545	1	1
CNVR_89	3	11012679	11063503	1	1
CNVR_90	3	16821631	16881296	2	2
CNVR_91	3	20480189	20541753	1	1
CNVR_92	3	20732147	20802121	1	1
CNVR_93	3	20937478	21044052	1	1
CNVR_94	3	28955936	29082177	1	1
CNVR_95	3	31748152	31808404	1	1
CNVR_96	3	32349008	32634203	1	1
CNVR_97	3	34421834	34501432	1	1
CNVR_98	3	37172756	41992103	19	18
CNVR_99	3	43068469	43433688	2	2
CNVR_100	3	46842537	46922624	1	1
CNVR_101	3	52147508	52212857	1	1
CNVR_102	3	52415820	52559046	7	7
CNVR_103	3	54369910	55074485	58	33
CNVR_104	3	55240336	55289372	1	1
CNVR_105	3	56770061	56845685	1	1
CNVR_106	3	59109464	59128666	2	2
CNVR_107	3	67214358	67348877	1	1
CNVR_108	3	67440250	67474440	1	1
CNVR_109	3	68393127	68432145	1	1
CNVR_110	3	69252656	69315385	1	1
CNVR_111	3	69596912	74348506	4	4
CNVR_112	3	91046714	91056753	1	1
CNVR_113	3	95427776	95625202	12	12
CNVR_114	3	100880075	101202890	5	4
CNVR_115	3	106508411	106543574	3	3
CNVR_116	3	106808144	106833383	1	1
CNVR_117	3	110334180	110449617	1	1
CNVR_118	3	110558160	110617198	1	1
CNVR_119	3	110807418	111021216	1	1
CNVR_120	3	120478760	121383238	13	13
CNVR_121	4	17112	4258236	8	5
CNVR_122	4	5733619	5785559	5	5
CNVR_123	4	6223614	6425277	81	45
CNVR_124	4	7285114	7366793	1	1
CNVR_125	4	7708368	7839646	10	10
CNVR_126	4	9094103	9324270	1	1
CNVR_127	4	10876079	11247247	1	1
CNVR_128	4	15849767	16918197	4	3
CNVR_129	4	17858900	18815510	24	24
CNVR_130	4	21094149	21413167	1	1
CNVR_131	4	22420101	22528691	1	1
CNVR_132	4	22646006	22745371	1	1
CNVR_133	4	23849498	23883976	1	1
CNVR_134	4	30200987	30242853	1	1
CNVR_135	4	31032359	31075631	1	1
CNVR_136	4	45664659	45743508	3	2
CNVR_137	4	48688283	48870790	4	4
CNVR_138	4	58591926	59647887	3	3
CNVR_139	4	59813010	59953839	3	2
CNVR_140	4	62606492	62638018	1	1
CNVR_141	4	65259787	65291207	1	1
CNVR_142	4	66482908	67007235	64	38
CNVR_143	4	67183757	67234109	2	2
CNVR_144	4	68918325	69107262	1	1
CNVR_145	4	69631486	69751713	1	1
CNVR_146	4	72297257	72561411	29	25
CNVR_147	4	73676903	73758088	34	32
CNVR_148	4	73957393	74042008	1	1
CNVR_149	4	74387681	74466214	2	2
CNVR_150	4	77431071	77495451	1	1
CNVR_151	4	82522220	82580198	1	1
CNVR_152	4	83708251	85983005	11	10
CNVR_153	4	91225986	91263201	2	2
CNVR_154	4	92856133	92939988	1	1
CNVR_155	4	94785638	95069722	1	1
CNVR_156	4	95849454	95948437	1	1
CNVR_157	4	96770424	96823498	3	3
CNVR_158	4	97903366	98129316	1	1
CNVR_159	4	106018897	106193024	6	5
CNVR_160	4	106923986	106949831	3	3
CNVR_161	4	107241054	107253901	2	2
CNVR_162	4	113657341	113889320	13	10
CNVR_163	4	118143048	118259316	1	1
CNVR_164	4	119739577	119881451	2	2
CNVR_165	5	1464457	1506039	2	2
CNVR_166	5	7674802	9143490	3	3
CNVR_167	5	14894403	14953446	1	1
CNVR_168	5	27214378	27287454	2	1
CNVR_169	5	37590024	37643766	1	1
CNVR_170	5	40804456	40939678	1	1
CNVR_171	5	41565285	41606346	2	2
CNVR_172	5	41973739	42085647	1	1
CNVR_173	5	42179749	42241538	4	4
CNVR_174	5	49999156	50032694	1	1
CNVR_175	5	50295303	50411994	2	2
CNVR_176	5	50669547	50719772	1	1
CNVR_177	5	51182567	51436511	7	7
CNVR_178	5	51636267	55590501	11	10
CNVR_179	5	56364658	56410718	1	1
CNVR_180	5	58003271	60293911	8	7
CNVR_181	5	60513092	60550857	1	1
CNVR_182	5	80005725	80105134	1	1
CNVR_183	5	83225843	83279905	1	1
CNVR_184	5	89545151	93920010	22	22
CNVR_185	5	94039619	94089800	1	1
CNVR_186	5	95822224	95908632	6	6
CNVR_187	5	98095718	98144559	1	1
CNVR_188	5	100518489	100543485	1	1
CNVR_189	5	102779831	102925813	1	1
CNVR_190	5	106514671	106581845	1	1
CNVR_191	5	107489920	107615276	1	1
CNVR_192	5	110295128	110313761	1	1
CNVR_193	5	112302390	112435212	2	2
CNVR_194	5	114576720	114598081	1	1
CNVR_195	5	115010779	115061022	5	5
CNVR_196	5	116073984	116109703	1	1
CNVR_197	5	118174364	118475383	2	2
CNVR_198	5	119212170	121175859	56	43
CNVR_199	6	363111	455000	3	3
CNVR_200	6	874205	905736	1	1
CNVR_201	6	1054786	1093395	1	1
CNVR_202	6	3333704	3434626	1	1
CNVR_203	6	4123642	4156416	1	1
CNVR_204	6	8617907	11875487	26	21
CNVR_205	6	12296402	12391211	5	3
CNVR_206	6	14930138	14972093	1	1
CNVR_207	6	19621013	19669809	1	1
CNVR_208	6	20198443	20229434	1	1
CNVR_209	6	25052272	25175118	6	6
CNVR_210	6	28625501	28733167	1	1
CNVR_211	6	29100916	29355660	3	3
CNVR_212	6	32408331	34959851	4	4
CNVR_213	6	35635217	35816425	2	2
CNVR_214	6	37885679	37894102	3	3
CNVR_215	6	37962382	37978802	9	8
CNVR_216	6	38762470	38931436	9	9
CNVR_217	6	39259257	39300440	2	1
CNVR_218	6	39482266	39486775	1	1
CNVR_219	6	48578627	51492985	4	4
CNVR_220	6	53581208	53787963	2	1
CNVR_221	6	53863520	53915677	2	2
CNVR_222	6	55229280	55616565	1	1
CNVR_223	6	55796059	55852936	2	2
CNVR_224	6	56129705	56350739	5	5
CNVR_225	6	56481145	56563958	3	3
CNVR_226	6	56748407	56797342	1	1
CNVR_227	6	56903453	57301902	5	5
CNVR_228	6	60372126	60692672	2	2
CNVR_229	6	63402550	67423466	4	4
CNVR_230	6	68904846	69184582	2	2
CNVR_231	6	76687100	76788010	2	2
CNVR_232	6	77228984	77827925	10	10
CNVR_233	6	79273130	79426835	2	2
CNVR_234	6	79732129	79806828	1	1
CNVR_235	6	79901183	80276956	5	5
CNVR_236	6	80635533	80664740	4	4
CNVR_237	6	81244871	81802044	12	12
CNVR_238	6	84617088	84724544	7	7
CNVR_239	6	85838311	86207116	59	59
CNVR_240	6	86460153	86573379	2	2
CNVR_241	6	86756256	86786552	1	1
CNVR_242	6	90995336	91023863	2	2
CNVR_243	6	91636147	91660390	2	1
CNVR_244	6	92195532	92242383	1	1
CNVR_245	6	96654485	97475077	4	4
CNVR_246	6	104320493	104423445	2	1
CNVR_247	6	106834002	107602097	8	7
CNVR_248	6	108026956	108093276	1	1
CNVR_249	6	108349990	108455130	2	2
CNVR_250	6	108805685	109722791	10	9
CNVR_251	6	117087265	117148273	1	1
CNVR_252	6	118721760	119437258	4	4
CNVR_253	7	169828	233662	101	76
CNVR_254	7	983878	989660	2	2
CNVR_255	7	9434503	11402583	112	48
CNVR_256	7	14822852	14859746	1	1
CNVR_257	7	15090383	15165475	1	1
CNVR_258	7	15340773	15408372	2	2
CNVR_259	7	15612804	15734286	1	1
CNVR_260	7	22890277	23166779	2	1
CNVR_261	7	23224806	23260788	1	1
CNVR_262	7	23269709	23298999	1	1
CNVR_263	7	23302973	23323496	2	2
CNVR_264	7	23868219	24693994	5	4
CNVR_265	7	24931056	24946051	7	7
CNVR_266	7	24982024	25111723	1	1
CNVR_267	7	28416847	28454058	2	2
CNVR_268	7	28542358	28657444	4	4
CNVR_269	7	29560140	29642778	1	1
CNVR_270	7	33119399	35366992	10	6
CNVR_271	7	36105942	36178539	2	2
CNVR_272	7	37214745	37263486	8	8
CNVR_273	7	41466011	41525995	1	1
CNVR_274	7	46770810	46970000	1	1
CNVR_275	7	50233475	50261760	5	5
CNVR_276	7	53578523	53713177	1	1
CNVR_277	7	54848376	54966221	4	4
CNVR_278	7	66064958	66112882	2	2
CNVR_279	7	70621019	70822690	12	10
CNVR_280	7	76886696	76940532	1	1
CNVR_281	7	77854696	82546140	3	3
CNVR_282	7	86053351	88572978	23	21
CNVR_283	7	89294939	89342174	1	1
CNVR_284	7	93224876	93263102	8	7
CNVR_285	7	93522200	95027313	2	2
CNVR_286	7	104597819	104689305	2	2
CNVR_287	7	105279874	109027529	9	6
CNVR_288	7	111073047	111106929	1	1
CNVR_289	7	112479572	112610067	4	2
CNVR_290	8	1873738	4988343	2	2
CNVR_291	8	9535196	9631916	1	1
CNVR_292	8	12985375	13030885	2	2
CNVR_293	8	13675008	13743674	1	1
CNVR_294	8	17466905	21695762	1	1
CNVR_295	8	31926519	31948876	1	1
CNVR_296	8	32283646	32611423	5	5
CNVR_297	8	32895255	32947777	2	2
CNVR_298	8	35023064	35093059	1	1
CNVR_299	8	35733768	36008038	1	1
CNVR_300	8	37528884	37562604	1	1
CNVR_301	8	38612645	38672654	1	1
CNVR_302	8	41314387	41544668	3	3
CNVR_303	8	43628838	43816192	1	1
CNVR_304	8	43890714	44100329	1	1
CNVR_305	8	44364572	44501531	2	2
CNVR_306	8	50157265	50215945	1	1
CNVR_307	8	70894442	71263375	1	1
CNVR_308	8	75514239	75604164	1	1
CNVR_309	8	83006556	83048502	1	1
CNVR_310	8	83190665	83273697	46	46
CNVR_311	8	83832733	83888935	1	1
CNVR_312	8	84030299	84099596	2	2
CNVR_313	8	88893442	88893548	19	19
CNVR_314	8	89339948	89379138	1	1
CNVR_315	8	93003301	93025439	1	1
CNVR_316	8	93276825	95307289	13	11
CNVR_317	8	95829528	96156374	5	5
CNVR_318	8	100259287	100341996	1	1
CNVR_319	8	103240741	103619063	4	4
CNVR_320	8	108663779	108687702	1	1
CNVR_321	8	113043285	113118348	1	1
CNVR_322	9	1291096	1427119	2	2
CNVR_323	9	1673728	2445262	5	5
CNVR_324	9	2738997	2934964	5	5
CNVR_325	9	3018763	3115242	8	8
CNVR_326	9	3209712	3303405	3	3
CNVR_327	9	3458987	3481084	1	1
CNVR_328	9	3628193	3651455	2	2
CNVR_329	9	4906838	4966893	1	1
CNVR_330	9	5443094	5489326	1	1
CNVR_331	9	6237818	6262126	2	2
CNVR_332	9	6671174	6933291	2	2
CNVR_333	9	7241264	7275154	2	2
CNVR_334	9	12860193	12946867	5	5
CNVR_335	9	14020737	14292992	4	4
CNVR_336	9	15619498	15647119	1	1
CNVR_337	9	15916463	18416803	2	2
CNVR_338	9	18769034	18871847	5	5
CNVR_339	9	22107839	22190749	1	1
CNVR_340	9	25029971	25185694	3	3
CNVR_341	9	28640808	28662223	1	1
CNVR_342	9	30939888	30966432	40	38
CNVR_343	9	35343932	36391522	3	2
CNVR_344	9	36407736	36503439	1	1
CNVR_345	9	40765749	40830221	7	7
CNVR_346	9	46200108	46282758	1	1
CNVR_347	9	47208243	48175366	3	3
CNVR_348	9	49256999	49398875	3	3
CNVR_349	9	49943985	50027556	1	1
CNVR_350	9	54216888	54317953	1	1
CNVR_351	9	56093852	56101110	2	2
CNVR_352	9	56381424	56490122	1	1
CNVR_353	9	66847758	66998719	3	3
CNVR_354	9	72773200	72882520	1	1
CNVR_355	9	74729907	74848962	1	1
CNVR_356	9	75348969	75454006	1	1
CNVR_357	9	79155179	80528413	1	1
CNVR_358	9	81417658	81456800	2	2
CNVR_359	9	85753001	85927793	2	2
CNVR_360	9	89800414	89847787	1	1
CNVR_361	9	90547503	90600872	1	1
CNVR_362	9	92061663	92093186	3	3
CNVR_363	9	95941344	95976235	4	4
CNVR_364	9	99626724	99658273	1	1
CNVR_365	9	103523508	103604815	3	3
CNVR_366	9	103984871	104050068	1	1
CNVR_367	9	104154509	104196469	1	1
CNVR_368	9	104986599	105035231	1	1
