Chr	CNVR_ID	region	Start	End	Frequency	n_Sample	0	1	3	4	Type	Length	start_left	end_right	chr_top	chr_bottom
1	CNVR_38	1101686457101752491	101686457	101752491	1	1			1		Gain	66035	101.686457	101.752491	87	85.5
1	CNVR_39	1102155986102211862	102155986	102211862	1	1		1			Loss	55877	102.155986	102.211862	87	85.5
1	CNVR_40	1104804260104881796	104804260	104881796	1	1		1			Loss	77537	104.80426	104.881796	87	85.5
1	CNVR_41	1105018867105084197	105018867	105084197	1	1			1		Gain	65331	105.018867	105.084197	87	85.5
1	CNVR_42	1105405603105603997	105405603	105603997	1	1			1		Gain	198395	105.405603	105.603997	87	85.5
1	CNVR_43	1105754655105922886	105754655	105922886	1	1		1			Loss	168232	105.754655	105.922886	87	85.5
1	CNVR_44	1106062371106295981	106062371	106295981	1	1			1		Gain	233611	106.062371	106.295981	87	85.5
1	CNVR_21	13847288640379850	38472886	40379850	11	7		3	7	1	Mixed	1906965	38.472886	40.37985	87	85.5
1	CNVR_23	14542322045479172	45423220	45479172	1	1			1		Gain	55953	45.42322	45.479172	87	85.5
1	CNVR_13	11894687118998146	18946871	18998146	1	1			1		Gain	51276	18.946871	18.998146	87	85.5
1	CNVR_6	11465242014717338	14652420	14717338	1	1	1				Loss	64919	14.65242	14.717338	87	85.5
1	CNVR_32	18193391282007029	81933912	82007029	8	8			8		Gain	73118	81.933912	82.007029	87	85.5
1	CNVR_26	15525975655396138	55259756	55396138	2	1		2			Loss	136383	55.259756	55.396138	87	85.5
1	CNVR_16	13103847531269020	31038475	31269020	4	4		4			Loss	230546	31.038475	31.26902	87	85.5
1	CNVR_46	1127518399127749327	127518399	127749327	7	7		7			Loss	230929	127.518399	127.749327	87	85.5
1	CNVR_45	1123954981124246283	123954981	124246283	2	2			2		Gain	291303	123.954981	124.246283	87	85.5
1	CNVR_7	11487681614961941	14876816	14961941	1	1		1			Loss	85126	14.876816	14.961941	87	85.5
1	CNVR_1	18353711363932	835371	1363932	11	11		6	5		Mixed	528562	0.835371	1.363932	87	85.5
1	CNVR_34	18466008084897864	84660080	84897864	7	7		6	1		Mixed	237785	84.66008	84.897864	87	85.5
1	CNVR_22	14452625044542735	44526250	44542735	1	1			1		Gain	16486	44.52625	44.542735	87	85.5
1	CNVR_33	18434590484424501	84345904	84424501	6	6		5	1		Mixed	78598	84.345904	84.424501	87	85.5
1	CNVR_36	19081304495047587	90813044	95047587	15	15	1	13	1		Mixed	4234544	90.813044	95.047587	87	85.5
1	CNVR_47	1142904469142999555	142904469	142999555	4	4	4				Loss	95087	142.904469	142.999555	87	85.5
1	CNVR_31	17632213176347831	76322131	76347831	1	1		1			Loss	25701	76.322131	76.347831	87	85.5
1	CNVR_9	11549128815605365	15491288	15605365	2	2		2			Loss	114078	15.491288	15.605365	87	85.5
1	CNVR_24	14707817750057426	47078177	50057426	3	3		2	1		Mixed	2979250	47.078177	50.057426	87	85.5
1	CNVR_2	147842214834622	4784221	4834622	1	1		1			Loss	50402	4.784221	4.834622	87	85.5
1	CNVR_19	13771309437781476	37713094	37781476	12	12		11	1		Mixed	68383	37.713094	37.781476	87	85.5
1	CNVR_10	11593707616069418	15937076	16069418	2	1			2		Gain	132343	15.937076	16.069418	87	85.5
1	CNVR_5	190389169080890	9038916	9080890	1	1			1		Gain	41975	9.038916	9.08089	87	85.5
1	CNVR_12	11735449717685698	17354497	17685698	8	8		5	3		Mixed	331202	17.354497	17.685698	87	85.5
1	CNVR_30	17184830672350394	71848306	72350394	4	3	1	3			Loss	502089	71.848306	72.350394	87	85.5
1	CNVR_8	11510395415207398	15103954	15207398	1	1		1			Loss	103445	15.103954	15.207398	87	85.5
1	CNVR_14	12253904626966818	22539046	26966818	4	4		2	2		Mixed	4427773	22.539046	26.966818	87	85.5
1	CNVR_48	1155772311155802431	155772311	155802431	1	1			1		Gain	30121	155.772311	155.802431	87	85.5
1	CNVR_25	15116945151211635	51169451	51211635	1	1		1			Loss	42185	51.169451	51.211635	87	85.5
1	CNVR_20	13835276638403540	38352766	38403540	1	1		1			Loss	50775	38.352766	38.40354	87	85.5
1	CNVR_18	13314963333176151	33149633	33176151	1	1		1			Loss	26519	33.149633	33.176151	87	85.5
1	CNVR_4	165218696643841	6521869	6643841	3	3			3		Gain	121973	6.521869	6.643841	87	85.5
1	CNVR_11	11611977117021138	16119771	17021138	21	19	2	14	5		Mixed	901368	16.119771	17.021138	87	85.5
1	CNVR_15	13022441530414871	30224415	30414871	3	3		2	1		Mixed	190457	30.224415	30.414871	87	85.5
1	CNVR_28	17059042971015840	70590429	71015840	3	3		3			Loss	425412	70.590429	71.01584	87	85.5
1	CNVR_27	16291844263025706	62918442	63025706	1	1	1				Loss	107265	62.918442	63.025706	87	85.5
1	CNVR_29	17160291171651658	71602911	71651658	1	1			1		Gain	48748	71.602911	71.651658	87	85.5
1	CNVR_35	18863876088904687	88638760	88904687	4	2			4		Gain	265928	88.63876	88.904687	87	85.5
1	CNVR_17	13164178731670765	31641787	31670765	1	1		1			Loss	28979	31.641787	31.670765	87	85.5
1	CNVR_37	19554966395571642	95549663	95571642	1	1		1			Loss	21980	95.549663	95.571642	87	85.5
1	CNVR_3	161546386236417	6154638	6236417	2	2		2			Loss	81780	6.154638	6.236417	87	85.5
10	CNVR_406	10101705094101774038	101705094	101774038	3	3			3		Gain	68945	101.705094	101.774038	60	58.5
10	CNVR_407	10104016609104169157	104016609	104169157	5	3			4	1	Gain	152549	104.016609	104.169157	60	58.5
10	CNVR_372	101040552710598785	10405527	10598785	2	2		2			Loss	193259	10.405527	10.598785	60	58.5
10	CNVR_373	101127800111484520	11278001	11484520	6	6		6			Loss	206520	11.278001	11.48452	60	58.5
10	CNVR_374	101318001913252429	13180019	13252429	2	2		2			Loss	72411	13.180019	13.252429	60	58.5
10	CNVR_375	101412966314200836	14129663	14200836	2	1			2		Gain	71174	14.129663	14.200836	60	58.5
10	CNVR_376	101874395518882288	18743955	18882288	2	2		2			Loss	138334	18.743955	18.882288	60	58.5
10	CNVR_377	101901765719095908	19017657	19095908	1	1		1			Loss	78252	19.017657	19.095908	60	58.5
10	CNVR_378	101958939319631935	19589393	19631935	1	1			1		Gain	42543	19.589393	19.631935	60	58.5
10	CNVR_379	102220870822252878	22208708	22252878	1	1			1		Gain	44171	22.208708	22.252878	60	58.5
10	CNVR_380	102237985025265627	22379850	25265627	112	87	43	35	34		Mixed	2885778	22.37985	25.265627	60	58.5
10	CNVR_369	1023154052335938	2315405	2335938	4	3	2	2			Loss	20534	2.315405	2.335938	60	58.5
10	CNVR_381	102705329827098905	27053298	27098905	1	1	1				Loss	45608	27.053298	27.098905	60	58.5
10	CNVR_382	102808178628104991	28081786	28104991	1	1			1		Gain	23206	28.081786	28.104991	60	58.5
10	CNVR_383	103043180730475998	30431807	30475998	1	1		1			Loss	44192	30.431807	30.475998	60	58.5
10	CNVR_384	103486292335014790	34862923	35014790	3	3	3				Loss	151868	34.862923	35.01479	60	58.5
10	CNVR_385	104175452541812396	41754525	41812396	1	1		1			Loss	57872	41.754525	41.812396	60	58.5
10	CNVR_386	104270266342912594	42702663	42912594	3	3		2	1		Mixed	209932	42.702663	42.912594	60	58.5
10	CNVR_387	104455631844773388	44556318	44773388	1	1		1			Loss	217071	44.556318	44.773388	60	58.5
10	CNVR_388	104532383145364839	45323831	45364839	1	1			1		Gain	41009	45.323831	45.364839	60	58.5
10	CNVR_389	104546542345864066	45465423	45864066	2	2		2			Loss	398644	45.465423	45.864066	60	58.5
10	CNVR_390	104654867946598505	46548679	46598505	1	1			1		Gain	49827	46.548679	46.598505	60	58.5
10	CNVR_391	104666592846694410	46665928	46694410	1	1			1		Gain	28483	46.665928	46.69441	60	58.5
10	CNVR_392	105130798451409033	51307984	51409033	1	1		1			Loss	101050	51.307984	51.409033	60	58.5
10	CNVR_393	105371612453858411	53716124	53858411	1	1		1			Loss	142288	53.716124	53.858411	60	58.5
10	CNVR_394	105570810155805448	55708101	55805448	6	5	3	3			Loss	97348	55.708101	55.805448	60	58.5
10	CNVR_395	105599325556015779	55993255	56015779	1	1		1			Loss	22525	55.993255	56.015779	60	58.5
10	CNVR_370	1067754236918607	6775423	6918607	1	1		1			Loss	143185	6.775423	6.918607	60	58.5
10	CNVR_396	107025884470279755	70258844	70279755	1	1			1		Gain	20912	70.258844	70.279755	60	58.5
10	CNVR_397	107081366370948919	70813663	70948919	2	2		2			Loss	135257	70.813663	70.948919	60	58.5
10	CNVR_398	107481805174844181	74818051	74844181	3	3		3			Loss	26131	74.818051	74.844181	60	58.5
10	CNVR_399	107709134677143173	77091346	77143173	1	1	1				Loss	51828	77.091346	77.143173	60	58.5
10	CNVR_400	107885799579609792	78857995	79609792	2	2		2			Loss	751798	78.857995	79.609792	60	58.5
10	CNVR_401	108564993985681663	85649939	85681663	1	1		1			Loss	31725	85.649939	85.681663	60	58.5
10	CNVR_402	108756035087803366	87560350	87803366	4	2			4		Gain	243017	87.56035	87.803366	60	58.5
10	CNVR_371	1090864879319944	9086487	9319944	2	2		2			Loss	233458	9.086487	9.319944	60	58.5
10	CNVR_403	109307286593209190	93072865	93209190	1	1		1			Loss	136326	93.072865	93.20919	60	58.5
10	CNVR_404	109601944596065191	96019445	96065191	4	4			4		Gain	45747	96.019445	96.065191	60	58.5
10	CNVR_405	109955885899578526	99558858	99578526	1	1			1		Gain	19669	99.558858	99.578526	60	58.5
11	CNVR_413	111672781718471801	16727817	18471801	1	1			1		Gain	1743985	16.727817	18.471801	57	55.5
11	CNVR_418	112453977224571828	24539772	24571828	1	1			1		Gain	32057	24.539772	24.571828	57	55.5
11	CNVR_434	115981932859953372	59819328	59953372	1	1		1			Loss	134045	59.819328	59.953372	57	55.5
11	CNVR_424	113988847139936968	39888471	39936968	3	2			3		Gain	48498	39.888471	39.936968	57	55.5
11	CNVR_431	115284381353132515	52843813	53132515	1	1			1		Gain	288703	52.843813	53.132515	57	55.5
11	CNVR_425	114087559540926195	40875595	40926195	1	1		1			Loss	50601	40.875595	40.926195	57	55.5
11	CNVR_439	119418136794358420	94181367	94358420	3	3		3			Loss	177054	94.181367	94.35842	57	55.5
11	CNVR_410	1196511529723257	9651152	9723257	1	1		1			Loss	72106	9.651152	9.723257	57	55.5
11	CNVR_417	112172965121787561	21729651	21787561	1	1			1		Gain	57911	21.729651	21.787561	57	55.5
11	CNVR_426	114806662848307936	48066628	48307936	1	1		1			Loss	241309	48.066628	48.307936	57	55.5
11	CNVR_433	115788209758442169	57882097	58442169	14	14	1	12	1		Mixed	560073	57.882097	58.442169	57	55.5
11	CNVR_422	113405347034147377	34053470	34147377	1	1		1			Loss	93908	34.05347	34.147377	57	55.5
11	CNVR_427	115033015850376330	50330158	50376330	1	1		1			Loss	46173	50.330158	50.37633	57	55.5
11	CNVR_412	111475485615310374	14754856	15310374	2	2		2			Loss	555519	14.754856	15.310374	57	55.5
11	CNVR_436	116701679167092069	67016791	67092069	1	1			1		Gain	75279	67.016791	67.092069	57	55.5
11	CNVR_414	111865794518761593	18657945	18761593	1	1		1			Loss	103649	18.657945	18.761593	57	55.5
11	CNVR_440	11103264921107282960	103264921	107282960	76	56		20	48	8	Mixed	4018040	103.264921	107.28296	57	55.5
11	CNVR_416	112127383221411953	21273832	21411953	1	1		1			Loss	138122	21.273832	21.411953	57	55.5
11	CNVR_423	113427357934450957	34273579	34450957	1	1		1			Loss	177379	34.273579	34.450957	57	55.5
11	CNVR_435	116230842662392223	62308426	62392223	4	4		2	2		Mixed	83798	62.308426	62.392223	57	55.5
11	CNVR_415	112030797920350454	20307979	20350454	7	7		5	2		Mixed	42476	20.307979	20.350454	57	55.5
11	CNVR_409	1148959565024435	4895956	5024435	1	1		1			Loss	128480	4.895956	5.024435	57	55.5
11	CNVR_408	1141648024225930	4164802	4225930	3	3	1	1	1		Mixed	61129	4.164802	4.22593	57	55.5
11	CNVR_429	115200491952140975	52004919	52140975	1	1	1				Loss	136057	52.004919	52.140975	57	55.5
11	CNVR_420	113050835130551963	30508351	30551963	1	1		1			Loss	43613	30.508351	30.551963	57	55.5
11	CNVR_430	115229471852589176	52294718	52589176	1	1			1		Gain	294459	52.294718	52.589176	57	55.5
11	CNVR_438	118696549287049822	86965492	87049822	1	1		1			Loss	84331	86.965492	87.049822	57	55.5
11	CNVR_432	115722788257458664	57227882	57458664	2	2			2		Gain	230783	57.227882	57.458664	57	55.5
11	CNVR_419	112600281626778035	26002816	26778035	2	2		2			Loss	775220	26.002816	26.778035	57	55.5
11	CNVR_421	113196778132045073	31967781	32045073	1	1		1			Loss	77293	31.967781	32.045073	57	55.5
11	CNVR_411	111055784210630544	10557842	10630544	1	1		1			Loss	72703	10.557842	10.630544	57	55.5
11	CNVR_428	115189336451959170	51893364	51959170	2	2		2			Loss	65807	51.893364	51.95917	57	55.5
11	CNVR_437	117329219373361709	73292193	73361709	1	1		1			Loss	69517	73.292193	73.361709	57	55.5
12	CNVR_449	121896192319094374	18961923	19094374	3	3			3		Gain	132452	18.961923	19.094374	54	52.5
12	CNVR_460	125552551955583608	55525519	55583608	1	1		1			Loss	58090	55.525519	55.583608	54	52.5
12	CNVR_450	122466897024744439	24668970	24744439	1	1		1			Loss	75470	24.66897	24.744439	54	52.5
12	CNVR_455	124494539245196682	44945392	45196682	3	3		2	1		Mixed	251291	44.945392	45.196682	54	52.5
12	CNVR_468	126387794063924613	63877940	63924613	2	2		2			Loss	46674	63.87794	63.924613	54	52.5
12	CNVR_472	127048851570618867	70488515	70618867	21	19	8	12	1		Mixed	130353	70.488515	70.618867	54	52.5
12	CNVR_448	121847240718621312	18472407	18621312	2	2			2		Gain	148906	18.472407	18.621312	54	52.5
12	CNVR_459	125254681652734777	52546816	52734777	2	2		2			Loss	187962	52.546816	52.734777	54	52.5
12	CNVR_441	12656896965897	656896	965897	3	3		1	2		Mixed	309002	0.656896	0.965897	54	52.5
12	CNVR_478	129007786290704572	90077862	90704572	4	4			4		Gain	626711	90.077862	90.704572	54	52.5
12	CNVR_473	127077606472117025	70776064	72117025	16	16	14	2			Loss	1340962	70.776064	72.117025	54	52.5
12	CNVR_467	126347782763808345	63477827	63808345	5	5		5			Loss	330519	63.477827	63.808345	54	52.5
12	CNVR_444	1289876249079069	8987624	9079069	4	4		4			Loss	91446	8.987624	9.079069	54	52.5
12	CNVR_471	126486610764977456	64866107	64977456	2	2			2		Gain	111350	64.866107	64.977456	54	52.5
12	CNVR_479	129080594990841961	90805949	90841961	1	1			1		Gain	36013	90.805949	90.841961	54	52.5
12	CNVR_447	121809661018115848	18096610	18115848	1	1			1		Gain	19239	18.09661	18.115848	54	52.5
12	CNVR_458	124931874849360921	49318748	49360921	3	3		3			Loss	42174	49.318748	49.360921	54	52.5
12	CNVR_443	1277061117992972	7706111	7992972	6	6		3	3		Mixed	286862	7.706111	7.992972	54	52.5
12	CNVR_454	124209899943799317	42098999	43799317	24	22		17	7		Mixed	1700319	42.098999	43.799317	54	52.5
12	CNVR_462	125790063558725768	57900635	58725768	76	49	2	68	6		Mixed	825134	57.900635	58.725768	54	52.5
12	CNVR_461	125768301257803744	57683012	57803744	2	2		1	1		Mixed	120733	57.683012	57.803744	54	52.5
12	CNVR_453	124143303241774341	41433032	41774341	5	5		5			Loss	341310	41.433032	41.774341	54	52.5
12	CNVR_445	121002749310140443	10027493	10140443	5	5		5			Loss	112951	10.027493	10.140443	54	52.5
12	CNVR_469	126426552964338643	64265529	64338643	1	1		1			Loss	73115	64.265529	64.338643	54	52.5
12	CNVR_456	124580340845870499	45803408	45870499	3	3		3			Loss	67092	45.803408	45.870499	54	52.5
12	CNVR_446	121618784716218277	16187847	16218277	1	1			1		Gain	30431	16.187847	16.218277	54	52.5
12	CNVR_474	127241904376870470	72419043	76870470	187	126	56	39	92		Mixed	4451428	72.419043	76.87047	54	52.5
12	CNVR_477	128761498487713590	87614984	87713590	1	1		1			Loss	98607	87.614984	87.71359	54	52.5
12	CNVR_464	126031482160568356	60314821	60568356	6	6		2	4		Mixed	253536	60.314821	60.568356	54	52.5
12	CNVR_465	126160828261759245	61608282	61759245	4	3	1	3			Loss	150964	61.608282	61.759245	54	52.5
12	CNVR_466	126194003361985662	61940033	61985662	1	1		1			Loss	45630	61.940033	61.985662	54	52.5
12	CNVR_470	126442341064479833	64423410	64479833	1	1	1				Loss	56424	64.42341	64.479833	54	52.5
12	CNVR_452	123444686834505806	34446868	34505806	1	1	1				Loss	58939	34.446868	34.505806	54	52.5
12	CNVR_475	128213725482234423	82137254	82234423	33	26	14	19			Loss	97170	82.137254	82.234423	54	52.5
12	CNVR_457	124895633249095991	48956332	49095991	2	2		1	1		Mixed	139660	48.956332	49.095991	54	52.5
12	CNVR_451	123208964332251435	32089643	32251435	98	91	4	20	74		Mixed	161793	32.089643	32.251435	54	52.5
12	CNVR_463	125910812359239590	59108123	59239590	11	6			11		Gain	131468	59.108123	59.23959	54	52.5
12	CNVR_476	128326614085453952	83266140	85453952	5	4			5		Gain	2187813	83.26614	85.453952	54	52.5
12	CNVR_442	1230709203133307	3070920	3133307	1	1			1		Gain	62388	3.07092	3.133307	54	52.5
13	CNVR_480	1313427291425986	1342729	1425986	1	1	1				Loss	83258	1.342729	1.425986	51	49.5
13	CNVR_483	131254334812808180	12543348	12808180	3	2			3		Gain	264833	12.543348	12.80818	51	49.5
13	CNVR_493	133552883235615849	35528832	35615849	1	1		1			Loss	87018	35.528832	35.615849	51	49.5
13	CNVR_502	135466364955426095	54663649	55426095	8	8			8		Gain	762447	54.663649	55.426095	51	49.5
13	CNVR_489	133113692431199165	31136924	31199165	1	1		1			Loss	62242	31.136924	31.199165	51	49.5
13	CNVR_501	135391551554076116	53915515	54076116	8	6	8				Loss	160602	53.915515	54.076116	51	49.5
13	CNVR_506	136671718966727403	66717189	66727403	1	1		1			Loss	10215	66.717189	66.727403	51	49.5
13	CNVR_482	131233797512436043	12337975	12436043	3	3		1	2		Mixed	98069	12.337975	12.436043	51	49.5
13	CNVR_492	133408821434218693	34088214	34218693	1	1		1			Loss	130480	34.088214	34.218693	51	49.5
13	CNVR_505	135816397158253335	58163971	58253335	1	1	1				Loss	89365	58.163971	58.253335	51	49.5
13	CNVR_509	138226482982287584	82264829	82287584	1	1		1			Loss	22756	82.264829	82.287584	51	49.5
13	CNVR_507	136749075967530414	67490759	67530414	1	1			1		Gain	39656	67.490759	67.530414	51	49.5
13	CNVR_500	135383887953862891	53838879	53862891	1	1	1				Loss	24013	53.838879	53.862891	51	49.5
13	CNVR_496	134164316341693700	41643163	41693700	12	12	1	3	8		Mixed	50538	41.643163	41.6937	51	49.5
13	CNVR_488	132776812527856692	27768125	27856692	2	2		2			Loss	88568	27.768125	27.856692	51	49.5
13	CNVR_504	135787614458099969	57876144	58099969	1	1		1			Loss	223826	57.876144	58.099969	51	49.5
13	CNVR_495	134097221341035630	40972213	41035630	2	2		2			Loss	63418	40.972213	41.03563	51	49.5
13	CNVR_487	132594916626092531	25949166	26092531	4	4		4			Loss	143366	25.949166	26.092531	51	49.5
13	CNVR_503	135559482655613243	55594826	55613243	3	3		3			Loss	18418	55.594826	55.613243	51	49.5
13	CNVR_486	132183770121849615	21837701	21849615	4	4		4			Loss	11915	21.837701	21.849615	51	49.5
13	CNVR_484	131806675618175649	18066756	18175649	2	2		2			Loss	108894	18.066756	18.175649	51	49.5
13	CNVR_481	131089848810947084	10898488	10947084	1	1		1			Loss	48597	10.898488	10.947084	51	49.5
13	CNVR_508	137823889378282460	78238893	78282460	5	5		1	4		Mixed	43568	78.238893	78.28246	51	49.5
13	CNVR_485	132022519420545039	20225194	20545039	9	9		8	1		Mixed	319846	20.225194	20.545039	51	49.5
13	CNVR_498	134650270946530325	46502709	46530325	2	2			2		Gain	27617	46.502709	46.530325	51	49.5
13	CNVR_494	133691815237145268	36918152	37145268	1	1		1			Loss	227117	36.918152	37.145268	51	49.5
13	CNVR_499	135040786450607191	50407864	50607191	2	2		2			Loss	199328	50.407864	50.607191	51	49.5
13	CNVR_490	133235327632449211	32353276	32449211	4	4		2	2		Mixed	95936	32.353276	32.449211	51	49.5
13	CNVR_497	134364350943790405	43643509	43790405	53	42			53		Gain	146897	43.643509	43.790405	51	49.5
13	CNVR_491	133251135832549797	32511358	32549797	1	1		1			Loss	38440	32.511358	32.549797	51	49.5
14	CNVR_512	1431535203548691	3153520	3548691	1	1			1		Gain	395172	3.15352	3.548691	48	46.5
14	CNVR_511	1422645222488265	2264522	2488265	4	4		2	2		Mixed	223744	2.264522	2.488265	48	46.5
14	CNVR_523	146021594460249222	60215944	60249222	1	1			1		Gain	33279	60.215944	60.249222	48	46.5
14	CNVR_524	146672567167048933	66725671	67048933	1	1		1			Loss	323263	66.725671	67.048933	48	46.5
14	CNVR_519	143341707733510162	33417077	33510162	1	1		1			Loss	93086	33.417077	33.510162	48	46.5
14	CNVR_520	144143364941518493	41433649	41518493	1	1		1			Loss	84845	41.433649	41.518493	48	46.5
14	CNVR_518	142740893927463991	27408939	27463991	4	4			4		Gain	55053	27.408939	27.463991	48	46.5
14	CNVR_527	147833687178386690	78336871	78386690	35	30	10	25			Loss	49820	78.336871	78.38669	48	46.5
14	CNVR_513	1436206403685543	3620640	3685543	1	1		1			Loss	64904	3.62064	3.685543	48	46.5
14	CNVR_517	142684150326905915	26841503	26905915	2	2		2			Loss	64413	26.841503	26.905915	48	46.5
14	CNVR_529	148042278280603981	80422782	80603981	5	5		2	3		Mixed	181200	80.422782	80.603981	48	46.5
14	CNVR_522	145521928055910671	55219280	55910671	6	6		3	3		Mixed	691392	55.21928	55.910671	48	46.5
14	CNVR_532	148365250383853220	83652503	83853220	1	1		1			Loss	200718	83.652503	83.85322	48	46.5
14	CNVR_528	147917802279315318	79178022	79315318	2	2		2			Loss	137297	79.178022	79.315318	48	46.5
14	CNVR_514	141999344020421717	19993440	20421717	11	6			11		Gain	428278	19.99344	20.421717	48	46.5
14	CNVR_526	147732983077442081	77329830	77442081	3	3	2	1			Loss	112252	77.32983	77.442081	48	46.5
14	CNVR_515	142363845923685731	23638459	23685731	2	2			2		Gain	47273	23.638459	23.685731	48	46.5
14	CNVR_521	145332800353371542	53328003	53371542	1	1			1		Gain	43540	53.328003	53.371542	48	46.5
14	CNVR_525	147437242674414864	74372426	74414864	1	1			1		Gain	42439	74.372426	74.414864	48	46.5
14	CNVR_533	148459431884628243	84594318	84628243	2	1			2		Gain	33926	84.594318	84.628243	48	46.5
14	CNVR_531	148158436981647927	81584369	81647927	2	2			2		Gain	63559	81.584369	81.647927	48	46.5
14	CNVR_516	142679457626810988	26794576	26810988	1	1		1			Loss	16413	26.794576	26.810988	48	46.5
14	CNVR_530	148109751381125493	81097513	81125493	1	1			1		Gain	27981	81.097513	81.125493	48	46.5
14	CNVR_510	1416513112239085	1651311	2239085	6	6		2	4		Mixed	587775	1.651311	2.239085	48	46.5
15	CNVR_542	152059023720737282	20590237	20737282	2	2		2			Loss	147046	20.590237	20.737282	45	43.5
15	CNVR_535	1521304024293948	2130402	4293948	17	11		11	6		Mixed	2163547	2.130402	4.293948	45	43.5
15	CNVR_549	155040903750444721	50409037	50444721	2	2			2		Gain	35685	50.409037	50.444721	45	43.5
15	CNVR_550	155229062652421203	52290626	52421203	1	1		1			Loss	130578	52.290626	52.421203	45	43.5
15	CNVR_538	151143950211715623	11439502	11715623	4	4		2	2		Mixed	276122	11.439502	11.715623	45	43.5
15	CNVR_552	155545988355502718	55459883	55502718	1	1	1				Loss	42836	55.459883	55.502718	45	43.5
15	CNVR_553	155654686356736391	56546863	56736391	2	2		2			Loss	189529	56.546863	56.736391	45	43.5
15	CNVR_543	152987154029985272	29871540	29985272	1	1			1		Gain	113733	29.87154	29.985272	45	43.5
15	CNVR_541	151856921718664416	18569217	18664416	1	1	1				Loss	95200	18.569217	18.664416	45	43.5
15	CNVR_544	153836697438519493	38366974	38519493	1	1		1			Loss	152520	38.366974	38.519493	45	43.5
15	CNVR_534	15747501295957	74750	1295957	6	5		2	4		Mixed	1221208	0.07475	1.295957	45	43.5
15	CNVR_554	155762048557733709	57620485	57733709	1	1		1			Loss	113225	57.620485	57.733709	45	43.5
15	CNVR_555	156263085662647758	62630856	62647758	1	1			1		Gain	16903	62.630856	62.647758	45	43.5
15	CNVR_551	155396377854005235	53963778	54005235	1	1		1			Loss	41458	53.963778	54.005235	45	43.5
15	CNVR_563	158148849881513752	81488498	81513752	1	1			1		Gain	25255	81.488498	81.513752	45	43.5
15	CNVR_560	158003385480069939	80033854	80069939	1	1		1			Loss	36086	80.033854	80.069939	45	43.5
15	CNVR_539	151196766512088152	11967665	12088152	4	4		1	3		Mixed	120488	11.967665	12.088152	45	43.5
15	CNVR_547	154653922246975690	46539222	46975690	14	12			14		Gain	436469	46.539222	46.97569	45	43.5
15	CNVR_537	151099106611197384	10991066	11197384	2	2		1	1		Mixed	206319	10.991066	11.197384	45	43.5
15	CNVR_564	158513241985272311	85132419	85272311	1	1			1		Gain	139893	85.132419	85.272311	45	43.5
15	CNVR_536	1566122816679978	6612281	6679978	1	1			1		Gain	67698	6.612281	6.679978	45	43.5
15	CNVR_561	158028065780935724	80280657	80935724	88	63	10	33	43	2	Mixed	655068	80.280657	80.935724	45	43.5
15	CNVR_562	158099133981076017	80991339	81076017	3	3		1	2		Mixed	84679	80.991339	81.076017	45	43.5
15	CNVR_559	157446139774518742	74461397	74518742	1	1		1			Loss	57346	74.461397	74.518742	45	43.5
15	CNVR_558	157429757074365136	74297570	74365136	1	1		1			Loss	67567	74.29757	74.365136	45	43.5
15	CNVR_546	154547958045540133	45479580	45540133	1	1		1			Loss	60554	45.47958	45.540133	45	43.5
15	CNVR_557	156838725473255004	68387254	73255004	9	9		5	4		Mixed	4867751	68.387254	73.255004	45	43.5
15	CNVR_540	151268978512751702	12689785	12751702	1	1	1				Loss	61918	12.689785	12.751702	45	43.5
15	CNVR_556	156802179068058858	68021790	68058858	1	1	1				Loss	37069	68.02179	68.058858	45	43.5
15	CNVR_545	154517223045214807	45172230	45214807	1	1			1		Gain	42578	45.17223	45.214807	45	43.5
15	CNVR_548	154787313248075574	47873132	48075574	21	19	8		13		Mixed	202443	47.873132	48.075574	45	43.5
16	CNVR_570	161246552712508155	12465527	12508155	3	3	3				Loss	42629	12.465527	12.508155	42	40.5
16	CNVR_569	161085906910958964	10859069	10958964	2	1		2			Loss	99896	10.859069	10.958964	42	40.5
16	CNVR_579	164797123148088496	47971231	48088496	3	3	3				Loss	117266	47.971231	48.088496	42	40.5
16	CNVR_571	161511863915537023	15118639	15537023	49	48	43	2	4		Mixed	418385	15.118639	15.537023	42	40.5
16	CNVR_581	165109520351214395	51095203	51214395	2	2			2		Gain	119193	51.095203	51.214395	42	40.5
16	CNVR_575	162886384028949332	28863840	28949332	2	2		2			Loss	85493	28.86384	28.949332	42	40.5
16	CNVR_585	166102081961064265	61020819	61064265	1	1		1			Loss	43447	61.020819	61.064265	42	40.5
16	CNVR_580	165041475150966489	50414751	50966489	4	4		4			Loss	551739	50.414751	50.966489	42	40.5
16	CNVR_576	163096270631255320	30962706	31255320	1	1		1			Loss	292615	30.962706	31.25532	42	40.5
16	CNVR_578	163409400934354132	34094009	34354132	6	6		6			Loss	260124	34.094009	34.354132	42	40.5
16	CNVR_588	167088232270906202	70882322	70906202	1	1			1		Gain	23881	70.882322	70.906202	42	40.5
16	CNVR_586	166193264062244131	61932640	62244131	36	18			36		Gain	311492	61.93264	62.244131	42	40.5
16	CNVR_590	167805964078134822	78059640	78134822	1	1		1			Loss	75183	78.05964	78.134822	42	40.5
16	CNVR_587	166368792363721883	63687923	63721883	1	1			1		Gain	33961	63.687923	63.721883	42	40.5
16	CNVR_582	165126740751460884	51267407	51460884	1	1			1		Gain	193478	51.267407	51.460884	42	40.5
16	CNVR_589	167134920971431541	71349209	71431541	1	1			1		Gain	82333	71.349209	71.431541	42	40.5
16	CNVR_566	1655843146125517	5584314	6125517	20	16	3	13	4		Mixed	541204	5.584314	6.125517	42	40.5
16	CNVR_591	167849847678553509	78498476	78553509	1	1		1			Loss	55034	78.498476	78.553509	42	40.5
16	CNVR_574	162822924728270797	28229247	28270797	1	1		1			Loss	41551	28.229247	28.270797	42	40.5
16	CNVR_577	163351580233613674	33515802	33613674	1	1		1			Loss	97873	33.515802	33.613674	42	40.5
16	CNVR_568	1684050228457522	8405022	8457522	4	4		1	3		Mixed	52501	8.405022	8.457522	42	40.5
16	CNVR_572	161678852116880383	16788521	16880383	3	3		3			Loss	91863	16.788521	16.880383	42	40.5
16	CNVR_567	1662080126272908	6208012	6272908	3	3	3				Loss	64897	6.208012	6.272908	42	40.5
16	CNVR_584	165782917057855149	57829170	57855149	1	1			1		Gain	25980	57.82917	57.855149	42	40.5
16	CNVR_573	162709102927164390	27091029	27164390	1	1		1			Loss	73362	27.091029	27.16439	42	40.5
16	CNVR_583	165666870156803437	56668701	56803437	3	3		3			Loss	134737	56.668701	56.803437	42	40.5
16	CNVR_565	1623066272321416	2306627	2321416	1	1			1		Gain	14790	2.306627	2.321416	42	40.5
17	CNVR_599	172390392923942252	23903929	23942252	1	1			1		Gain	38324	23.903929	23.942252	39	37.5
17	CNVR_598	172288972423431642	22889724	23431642	9	9		8	1		Mixed	541919	22.889724	23.431642	39	37.5
17	CNVR_603	172709769827484341	27097698	27484341	9	9	2	5	2		Mixed	386644	27.097698	27.484341	39	37.5
17	CNVR_604	173064061734057200	30640617	34057200	3	3		1	2		Mixed	3416584	30.640617	34.0572	39	37.5
17	CNVR_597	172228515022378265	22285150	22378265	1	1	1				Loss	93116	22.28515	22.378265	39	37.5
17	CNVR_602	172679399426896170	26793994	26896170	1	1		1			Loss	102177	26.793994	26.89617	39	37.5
17	CNVR_611	175631025856514551	56310258	56514551	1	1		1			Loss	204294	56.310258	56.514551	39	37.5
17	CNVR_612	175934467059449631	59344670	59449631	7	7			5	2	Gain	104962	59.34467	59.449631	39	37.5
17	CNVR_605	173493371035050237	34933710	35050237	1	1		1			Loss	116528	34.93371	35.050237	39	37.5
17	CNVR_610	175511838255314133	55118382	55314133	2	2		2			Loss	195752	55.118382	55.314133	39	37.5
17	CNVR_593	1767806526834140	6780652	6834140	2	2			2		Gain	53489	6.780652	6.83414	39	37.5
17	CNVR_614	176797589668052478	67975896	68052478	1	1		1			Loss	76583	67.975896	68.052478	39	37.5
17	CNVR_600	172430845824539327	24308458	24539327	4	4		4			Loss	230870	24.308458	24.539327	39	37.5
17	CNVR_601	172501029325167004	25010293	25167004	3	3	3				Loss	156712	25.010293	25.167004	39	37.5
17	CNVR_606	173943795239505279	39437952	39505279	1	1		1			Loss	67328	39.437952	39.505279	39	37.5
17	CNVR_595	1788152168940106	8815216	8940106	3	3		2	1		Mixed	124891	8.815216	8.940106	39	37.5
17	CNVR_594	1768756507144481	6875650	7144481	3	3		3			Loss	268832	6.87565	7.144481	39	37.5
17	CNVR_592	177272002748831	727200	2748831	1	1			1		Gain	2021632	0.7272	2.748831	39	37.5
17	CNVR_596	172131921421627514	21319214	21627514	4	4		4			Loss	308301	21.319214	21.627514	39	37.5
17	CNVR_615	177329169775132928	73291697	75132928	49	41		15	30	4	Mixed	1841232	73.291697	75.132928	39	37.5
17	CNVR_613	176088127861082159	60881278	61082159	1	1		1			Loss	200882	60.881278	61.082159	39	37.5
17	CNVR_608	174760848547667026	47608485	47667026	1	1	1				Loss	58542	47.608485	47.667026	39	37.5
17	CNVR_609	175068597751000846	50685977	51000846	2	2	2				Loss	314870	50.685977	51.000846	39	37.5
17	CNVR_607	174242230742685587	42422307	42685587	6	4		6			Loss	263281	42.422307	42.685587	39	37.5
18	CNVR_622	181683665516869103	16836655	16869103	1	1		1			Loss	32449	16.836655	16.869103	36	34.5
18	CNVR_624	182723580727304159	27235807	27304159	2	2		2			Loss	68353	27.235807	27.304159	36	34.5
18	CNVR_623	182590679726085825	25906797	26085825	1	1		1			Loss	179029	25.906797	26.085825	36	34.5
18	CNVR_621	181554781515883183	15547815	15883183	2	2		1	1		Mixed	335369	15.547815	15.883183	36	34.5
18	CNVR_627	183675711536895563	36757115	36895563	1	1		1			Loss	138449	36.757115	36.895563	36	34.5
18	CNVR_625	182752963327649787	27529633	27649787	2	2		2			Loss	120155	27.529633	27.649787	36	34.5
18	CNVR_626	182787086828375091	27870868	28375091	4	2			4		Gain	504224	27.870868	28.375091	36	34.5
18	CNVR_616	1826989082864232	2698908	2864232	2	2		1	1		Mixed	165325	2.698908	2.864232	36	34.5
18	CNVR_629	184820081848217729	48200818	48217729	1	1		1			Loss	16912	48.200818	48.217729	36	34.5
18	CNVR_617	1855939755684886	5593975	5684886	1	1		1			Loss	90912	5.593975	5.684886	36	34.5
18	CNVR_630	185751624557565406	57516245	57565406	1	1			1		Gain	49162	57.516245	57.565406	36	34.5
18	CNVR_631	186115673761172967	61156737	61172967	1	1			1		Gain	16231	61.156737	61.172967	36	34.5
18	CNVR_632	186120641461241191	61206414	61241191	1	1			1		Gain	34778	61.206414	61.241191	36	34.5
18	CNVR_633	186164485461929947	61644854	61929947	17	17	13		4		Mixed	285094	61.644854	61.929947	36	34.5
18	CNVR_634	186335952663423120	63359526	63423120	1	1			1		Gain	63595	63.359526	63.42312	36	34.5
18	CNVR_635	186367244163710811	63672441	63710811	1	1		1			Loss	38371	63.672441	63.710811	36	34.5
18	CNVR_636	186389697263931097	63896972	63931097	1	1	1				Loss	34126	63.896972	63.931097	36	34.5
18	CNVR_637	186589217665999195	65892176	65999195	5	5			3	2	Gain	107020	65.892176	65.999195	36	34.5
18	CNVR_618	181241887812519571	12418878	12519571	1	1			1		Gain	100694	12.418878	12.519571	36	34.5
18	CNVR_619	181334676813415468	13346768	13415468	1	1			1		Gain	68701	13.346768	13.415468	36	34.5
18	CNVR_620	181381161013974114	13811610	13974114	1	1		1			Loss	162505	13.81161	13.974114	36	34.5
18	CNVR_628	183881570538883296	38815705	38883296	1	1	1				Loss	67592	38.815705	38.883296	36	34.5
19	CNVR_641	191011436110377677	10114361	10377677	1	1		1			Loss	263317	10.114361	10.377677	33	31.5
19	CNVR_642	191042637210457357	10426372	10457357	1	1			1		Gain	30986	10.426372	10.457357	33	31.5
19	CNVR_643	191104935511199299	11049355	11199299	2	2			2		Gain	149945	11.049355	11.199299	33	31.5
19	CNVR_645	191151685211672305	11516852	11672305	3	3		3			Loss	155454	11.516852	11.672305	33	31.5
19	CNVR_646	191250618812592024	12506188	12592024	1	1			1		Gain	85837	12.506188	12.592024	33	31.5
19	CNVR_647	191399232414062783	13992324	14062783	1	1		1			Loss	70460	13.992324	14.062783	33	31.5
19	CNVR_644	191134160211435269	11341602	11435269	1	1		1			Loss	93668	11.341602	11.435269	33	31.5
19	CNVR_649	191823282118299083	18232821	18299083	2	2		2			Loss	66263	18.232821	18.299083	33	31.5
19	CNVR_650	191835196518467274	18351965	18467274	1	1			1		Gain	115310	18.351965	18.467274	33	31.5
19	CNVR_651	191894309319047484	18943093	19047484	1	1		1			Loss	104392	18.943093	19.047484	33	31.5
19	CNVR_648	191454312314606603	14543123	14606603	3	3	1		2		Mixed	63481	14.543123	14.606603	33	31.5
19	CNVR_653	192757606628031919	27576066	28031919	4	3			3	1	Gain	455854	27.576066	28.031919	33	31.5
19	CNVR_654	193211320632239821	32113206	32239821	1	1		1			Loss	126616	32.113206	32.239821	33	31.5
19	CNVR_638	1932474743273393	3247474	3273393	1	1			1		Gain	25920	3.247474	3.273393	33	31.5
19	CNVR_655	193906432039126656	39064320	39126656	1	1			1		Gain	62337	39.06432	39.126656	33	31.5
19	CNVR_656	194206486342089455	42064863	42089455	1	1			1		Gain	24593	42.064863	42.089455	33	31.5
19	CNVR_657	194672366246908534	46723662	46908534	2	2		2			Loss	184873	46.723662	46.908534	33	31.5
19	CNVR_658	194750758747649610	47507587	47649610	1	1		1			Loss	142024	47.507587	47.64961	33	31.5
19	CNVR_659	194805064348389861	48050643	48389861	3	3		3			Loss	339219	48.050643	48.389861	33	31.5
19	CNVR_660	194962170849818910	49621708	49818910	1	1		1			Loss	197203	49.621708	49.81891	33	31.5
19	CNVR_661	195137010151720852	51370101	51720852	4	4	1	2	1		Mixed	350752	51.370101	51.720852	33	31.5
19	CNVR_662	195274074052872517	52740740	52872517	6	4		2	4		Mixed	131778	52.74074	52.872517	33	31.5
19	CNVR_663	195510134155191677	55101341	55191677	2	2			2		Gain	90337	55.101341	55.191677	33	31.5
19	CNVR_652	192475222224812617	24752222	24812617	1	1			1		Gain	60396	24.752222	24.812617	33	31.5
19	CNVR_664	195612995856136270	56129958	56136270	1	1		1			Loss	6313	56.129958	56.13627	33	31.5
19	CNVR_665	195695542856993243	56955428	56993243	1	1			1		Gain	37816	56.955428	56.993243	33	31.5
19	CNVR_639	1977614937902781	7761493	7902781	16	15	4	12			Loss	141289	7.761493	7.902781	33	31.5
19	CNVR_640	1998960339980268	9896033	9980268	8	8			8		Gain	84236	9.896033	9.980268	33	31.5
2	CNVR_79	2109500850109537765	109500850	109537765	1	1			1		Gain	36916	109.50085	109.537765	84	82.5
2	CNVR_80	2111090957111229939	111090957	111229939	1	1		1			Loss	138983	111.090957	111.229939	84	82.5
2	CNVR_73	26421863964784574	64218639	64784574	2	1	1	1			Loss	565936	64.218639	64.784574	84	82.5
2	CNVR_67	24204271242293689	42042712	42293689	1	1			1		Gain	250978	42.042712	42.293689	84	82.5
2	CNVR_81	2113716333113946668	113716333	113946668	1	1		1			Loss	230336	113.716333	113.946668	84	82.5
2	CNVR_82	2115322601115334808	115322601	115334808	9	9		9			Loss	12208	115.322601	115.334808	84	82.5
2	CNVR_83	2116287862116325646	116287862	116325646	4	4		4			Loss	37785	116.287862	116.325646	84	82.5
2	CNVR_58	22543840525638543	25438405	25638543	3	3	1	2			Loss	200139	25.438405	25.638543	84	82.5
2	CNVR_69	25320069453749577	53200694	53749577	5	5		5			Loss	548884	53.200694	53.749577	84	82.5
2	CNVR_84	2120123192120174934	120123192	120174934	4	4		3	1		Mixed	51743	120.123192	120.174934	84	82.5
2	CNVR_77	28133642584170290	81336425	84170290	5	5		2	3		Mixed	2833866	81.336425	84.17029	84	82.5
2	CNVR_87	2130381668130511453	130381668	130511453	1	1		1			Loss	129786	130.381668	130.511453	84	82.5
2	CNVR_85	2124336317124398570	124336317	124398570	11	11		11			Loss	62254	124.336317	124.39857	84	82.5
2	CNVR_60	22658153726663654	26581537	26663654	1	1			1		Gain	82118	26.581537	26.663654	84	82.5
2	CNVR_86	2129657387129705588	129657387	129705588	2	2			2		Gain	48202	129.657387	129.705588	84	82.5
2	CNVR_52	274573108521798	7457310	8521798	9	9	8		1		Mixed	1064489	7.45731	8.521798	84	82.5
2	CNVR_62	22824613329839570	28246133	29839570	2	2		1	1		Mixed	1593438	28.246133	29.83957	84	82.5
2	CNVR_63	23313889833255910	33138898	33255910	1	1		1			Loss	117013	33.138898	33.25591	84	82.5
2	CNVR_57	22471489425093953	24714894	25093953	4	4		4			Loss	379060	24.714894	25.093953	84	82.5
2	CNVR_56	21933533019423385	19335330	19423385	2	2		2			Loss	88056	19.33533	19.423385	84	82.5
2	CNVR_74	26669673069527656	66696730	69527656	5	5	1	3	1		Mixed	2830927	66.69673	69.527656	84	82.5
2	CNVR_64	23585273135898373	35852731	35898373	3	3		2	1		Mixed	45643	35.852731	35.898373	84	82.5
2	CNVR_55	21359710813668484	13597108	13668484	1	1			1		Gain	71377	13.597108	13.668484	84	82.5
2	CNVR_65	23643894536483235	36438945	36483235	1	1			1		Gain	44291	36.438945	36.483235	84	82.5
2	CNVR_54	2989016613411225	9890166	13411225	17	16	11	5	1		Mixed	3521060	9.890166	13.411225	84	82.5
2	CNVR_70	25532538158384394	55325381	58384394	11	11		7	4		Mixed	3059014	55.325381	58.384394	84	82.5
2	CNVR_50	222542982303356	2254298	2303356	5	5		5			Loss	49059	2.254298	2.303356	84	82.5
2	CNVR_59	22636261126460035	26362611	26460035	9	9		7	2		Mixed	97425	26.362611	26.460035	84	82.5
2	CNVR_49	2160777211641	160777	211641	1	1		1			Loss	50865	0.160777	0.211641	84	82.5
2	CNVR_72	26389715164043648	63897151	64043648	45	36			45		Gain	146498	63.897151	64.043648	84	82.5
2	CNVR_76	27422853978942271	74228539	78942271	11	10	2	4	5		Mixed	4713733	74.228539	78.942271	84	82.5
2	CNVR_68	24811631648169527	48116316	48169527	1	1		1			Loss	53212	48.116316	48.169527	84	82.5
2	CNVR_71	26266678362708028	62666783	62708028	1	1		1			Loss	41246	62.666783	62.708028	84	82.5
2	CNVR_75	27086655270957217	70866552	70957217	1	1		1			Loss	90666	70.866552	70.957217	84	82.5
2	CNVR_51	247205834792312	4720583	4792312	1	1		1			Loss	71730	4.720583	4.792312	84	82.5
2	CNVR_66	24125102141304807	41251021	41304807	2	2			2		Gain	53787	41.251021	41.304807	84	82.5
2	CNVR_53	289333499454144	8933349	9454144	15	15		14	1		Mixed	520796	8.933349	9.454144	84	82.5
2	CNVR_78	29841623898490521	98416238	98490521	2	2			2		Gain	74284	98.416238	98.490521	84	82.5
2	CNVR_61	22736655628035273	27366556	28035273	45	23		1	44		Mixed	668718	27.366556	28.035273	84	82.5
20	CNVR_673	201025302310424451	10253023	10424451	2	1			2		Gain	171429	10.253023	10.424451	30	28.5
20	CNVR_666	2010865151196509	1086515	1196509	13	8			13		Gain	109995	1.086515	1.196509	30	28.5
20	CNVR_674	201133916111383301	11339161	11383301	1	1				1	Gain	44141	11.339161	11.383301	30	28.5
20	CNVR_675	201204225912066568	12042259	12066568	1	1			1		Gain	24310	12.042259	12.066568	30	28.5
20	CNVR_676	201689251916939858	16892519	16939858	1	1		1			Loss	47340	16.892519	16.939858	30	28.5
20	CNVR_677	201952078819630317	19520788	19630317	3	3		3			Loss	109530	19.520788	19.630317	30	28.5
20	CNVR_678	202185974221930618	21859742	21930618	1	1		1			Loss	70877	21.859742	21.930618	30	28.5
20	CNVR_679	202229221522462915	22292215	22462915	2	2		1	1		Mixed	170701	22.292215	22.462915	30	28.5
20	CNVR_680	202296040223017834	22960402	23017834	1	1	1				Loss	57433	22.960402	23.017834	30	28.5
20	CNVR_681	202382595523886196	23825955	23886196	1	1		1			Loss	60242	23.825955	23.886196	30	28.5
20	CNVR_682	202553557125597446	25535571	25597446	1	1			1		Gain	61876	25.535571	25.597446	30	28.5
20	CNVR_667	2026958802886118	2695880	2886118	6	6		2	3	1	Mixed	190239	2.69588	2.886118	30	28.5
20	CNVR_683	202971713529785475	29717135	29785475	1	1	1				Loss	68341	29.717135	29.785475	30	28.5
20	CNVR_684	203362782333725417	33627823	33725417	2	2			2		Gain	97595	33.627823	33.725417	30	28.5
20	CNVR_685	203524904035502694	35249040	35502694	3	3		3			Loss	253655	35.24904	35.502694	30	28.5
20	CNVR_686	203684067537297072	36840675	37297072	4	4		4			Loss	456398	36.840675	37.297072	30	28.5
20	CNVR_687	204321753843381899	43217538	43381899	2	2		1	1		Mixed	164362	43.217538	43.381899	30	28.5
20	CNVR_668	2043498644395656	4349864	4395656	1	1		1			Loss	45793	4.349864	4.395656	30	28.5
20	CNVR_688	204378101843889666	43781018	43889666	1	1		1			Loss	108649	43.781018	43.889666	30	28.5
20	CNVR_689	204421133944237027	44211339	44237027	1	1			1		Gain	25689	44.211339	44.237027	30	28.5
20	CNVR_690	204480052444838496	44800524	44838496	1	1			1		Gain	37973	44.800524	44.838496	30	28.5
20	CNVR_691	204596644646107652	45966446	46107652	5	5	2		3		Mixed	141207	45.966446	46.107652	30	28.5
20	CNVR_692	204703230547299949	47032305	47299949	8	8		7	1		Mixed	267645	47.032305	47.299949	30	28.5
20	CNVR_693	204933969349592680	49339693	49592680	3	3		1	2		Mixed	252988	49.339693	49.59268	30	28.5
20	CNVR_694	205038255250387798	50382552	50387798	1	1		1			Loss	5247	50.382552	50.387798	30	28.5
20	CNVR_695	205161101652183095	51611016	52183095	6	6		4	2		Mixed	572080	51.611016	52.183095	30	28.5
20	CNVR_696	205309719853410194	53097198	53410194	3	3	1		2		Mixed	312997	53.097198	53.410194	30	28.5
20	CNVR_697	205371769253855915	53717692	53855915	1	1		1			Loss	138224	53.717692	53.855915	30	28.5
20	CNVR_698	205458476654833709	54584766	54833709	3	3			3		Gain	248944	54.584766	54.833709	30	28.5
20	CNVR_699	205995729660129830	59957296	60129830	4	4		2	2		Mixed	172535	59.957296	60.12983	30	28.5
20	CNVR_700	206014756061455283	60147560	61455283	8	8	1	6	1		Mixed	1307724	60.14756	61.455283	30	28.5
20	CNVR_669	2063852236505111	6385223	6505111	1	1		1			Loss	119889	6.385223	6.505111	30	28.5
20	CNVR_670	2066584216736039	6658421	6736039	1	1			1		Gain	77619	6.658421	6.736039	30	28.5
20	CNVR_701	206762745467680263	67627454	67680263	1	1			1		Gain	52810	67.627454	67.680263	30	28.5
20	CNVR_702	206841614968547457	68416149	68547457	2	2	1	1			Loss	131309	68.416149	68.547457	30	28.5
20	CNVR_703	207075200371971771	70752003	71971771	34	32		6	28		Mixed	1219769	70.752003	71.971771	30	28.5
20	CNVR_671	2098138849890424	9813884	9890424	1	1	1				Loss	76541	9.813884	9.890424	30	28.5
20	CNVR_672	2099443809990379	9944380	9990379	1	1		1			Loss	46000	9.94438	9.990379	30	28.5
21	CNVR_716	213346006633515083	33460066	33515083	4	4		3	1		Mixed	55018	33.460066	33.515083	27	25.5
21	CNVR_728	217029430171573501	70294301	71573501	15	13		6	9		Mixed	1279201	70.294301	71.573501	27	25.5
21	CNVR_710	212261119522668633	22611195	22668633	1	1			1		Gain	57439	22.611195	22.668633	27	25.5
21	CNVR_723	215374300853779256	53743008	53779256	1	1		1			Loss	36249	53.743008	53.779256	27	25.5
21	CNVR_722	215277158453285393	52771584	53285393	3	2		2	1		Mixed	513810	52.771584	53.285393	27	25.5
21	CNVR_719	214227559142357276	42275591	42357276	2	2		2			Loss	81686	42.275591	42.357276	27	25.5
21	CNVR_709	212174461521859000	21744615	21859000	1	1		1			Loss	114386	21.744615	21.859	27	25.5
21	CNVR_726	216667907266729354	66679072	66729354	1	1		1			Loss	50283	66.679072	66.729354	27	25.5
21	CNVR_714	213256559232669870	32565592	32669870	1	1			1		Gain	104279	32.565592	32.66987	27	25.5
21	CNVR_711	212965474829762241	29654748	29762241	2	1			2		Gain	107494	29.654748	29.762241	27	25.5
21	CNVR_704	2156602545690539	5660254	5690539	1	1	1				Loss	30286	5.660254	5.690539	27	25.5
21	CNVR_705	211226266412408772	12262664	12408772	1	1		1			Loss	146109	12.262664	12.408772	27	25.5
21	CNVR_708	212006355320259891	20063553	20259891	17	17	16		1		Mixed	196339	20.063553	20.259891	27	25.5
21	CNVR_725	215707244257114065	57072442	57114065	1	1			1		Gain	41624	57.072442	57.114065	27	25.5
21	CNVR_727	216741303967542721	67413039	67542721	1	1		1			Loss	129683	67.413039	67.542721	27	25.5
21	CNVR_707	211806175718077750	18061757	18077750	1	1			1		Gain	15994	18.061757	18.07775	27	25.5
21	CNVR_718	213792656437993399	37926564	37993399	8	8	1	6		1	Mixed	66836	37.926564	37.993399	27	25.5
21	CNVR_717	213516754735248081	35167547	35248081	1	1			1		Gain	80535	35.167547	35.248081	27	25.5
21	CNVR_721	215227318052490155	52273180	52490155	10	10	6	4			Loss	216976	52.27318	52.490155	27	25.5
21	CNVR_720	215112632851138460	51126328	51138460	1	1		1			Loss	12133	51.126328	51.13846	27	25.5
21	CNVR_712	213088150230908358	30881502	30908358	1	1		1			Loss	26857	30.881502	30.908358	27	25.5
21	CNVR_715	213308454733113989	33084547	33113989	1	1			1		Gain	29443	33.084547	33.113989	27	25.5
21	CNVR_713	213174196231817000	31741962	31817000	1	1		1			Loss	75039	31.741962	31.817	27	25.5
21	CNVR_706	211365785013715904	13657850	13715904	2	2	2				Loss	58055	13.65785	13.715904	27	25.5
21	CNVR_724	215418121354276389	54181213	54276389	6	5	4	2			Loss	95177	54.181213	54.276389	27	25.5
22	CNVR_741	226003843760143914	60038437	60143914	3	3		2		1	Mixed	105478	60.038437	60.143914	24	22.5
22	CNVR_737	224871211848846711	48712118	48846711	4	4		4			Loss	134594	48.712118	48.846711	24	22.5
22	CNVR_731	221624804516342830	16248045	16342830	1	1		1			Loss	94786	16.248045	16.34283	24	22.5
22	CNVR_739	225744470157486105	57444701	57486105	1	1	1				Loss	41405	57.444701	57.486105	24	22.5
22	CNVR_742	226027299161378199	60272991	61378199	9	9		2	7		Mixed	1105209	60.272991	61.378199	24	22.5
22	CNVR_733	222785667727911829	27856677	27911829	1	1			1		Gain	55153	27.856677	27.911829	24	22.5
22	CNVR_734	223259993432629919	32599934	32629919	1	1			1		Gain	29986	32.599934	32.629919	24	22.5
22	CNVR_735	223408599634168563	34085996	34168563	2	2	1	1			Loss	82568	34.085996	34.168563	24	22.5
22	CNVR_730	2291656389458557	9165638	9458557	2	1		2			Loss	292920	9.165638	9.458557	24	22.5
22	CNVR_738	224946243249739973	49462432	49739973	1	1			1		Gain	277542	49.462432	49.739973	24	22.5
22	CNVR_736	224389441244172715	43894412	44172715	2	2	2				Loss	278304	43.894412	44.172715	24	22.5
22	CNVR_729	2271246377186161	7124637	7186161	1	1			1		Gain	61525	7.124637	7.186161	24	22.5
22	CNVR_740	225889642659642976	58896426	59642976	3	3			3		Gain	746551	58.896426	59.642976	24	22.5
22	CNVR_732	221765429717750153	17654297	17750153	1	1	1				Loss	95857	17.654297	17.750153	24	22.5
23	CNVR_743	23158941775946	15894	1775946	1	1			1		Gain	1760053	0.015894	1.775946	21	19.5
23	CNVR_756	234299205543047899	42992055	43047899	3	3		3			Loss	55845	42.992055	43.047899	21	19.5
23	CNVR_752	233038357130574212	30383571	30574212	3	3			3		Gain	190642	30.383571	30.574212	21	19.5
23	CNVR_748	232618018226369699	26180182	26369699	34	34	18	3	13		Mixed	189518	26.180182	26.369699	21	19.5
23	CNVR_753	233071161930757886	30711619	30757886	1	1			1		Gain	46268	30.711619	30.757886	21	19.5
23	CNVR_744	231458005414873800	14580054	14873800	1	1			1		Gain	293747	14.580054	14.8738	21	19.5
23	CNVR_755	233292898732981013	32928987	32981013	1	1			1		Gain	52027	32.928987	32.981013	21	19.5
23	CNVR_757	235240477252465632	52404772	52465632	2	2			2		Gain	60861	52.404772	52.465632	21	19.5
23	CNVR_747	232522291425978647	25222914	25978647	1	1	1				Loss	755734	25.222914	25.978647	21	19.5
23	CNVR_746	232458091824671650	24580918	24671650	2	2	1		1		Mixed	90733	24.580918	24.67165	21	19.5
23	CNVR_751	232897057829126339	28970578	29126339	6	6	3		3		Mixed	155762	28.970578	29.126339	21	19.5
23	CNVR_750	232834186028413350	28341860	28413350	1	1			1		Gain	71491	28.34186	28.41335	21	19.5
23	CNVR_749	232728658727903991	27286587	27903991	8	8	2		6		Mixed	617405	27.286587	27.903991	21	19.5
23	CNVR_745	231653667416612406	16536674	16612406	2	2			2		Gain	75733	16.536674	16.612406	21	19.5
23	CNVR_754	233133826131726418	31338261	31726418	8	6			6	2	Gain	388158	31.338261	31.726418	21	19.5
24	CNVR_759	241164529311726699	11645293	11726699	1	1			1		Gain	81407	11.645293	11.726699	18	16.5
24	CNVR_765	242638263529490959	26382635	29490959	15	13	1	6	7	1	Mixed	3108325	26.382635	29.490959	18	16.5
24	CNVR_770	245088057350931360	50880573	50931360	1	1		1			Loss	50788	50.880573	50.93136	18	16.5
24	CNVR_758	241018415110269985	10184151	10269985	2	2			2		Gain	85835	10.184151	10.269985	18	16.5
24	CNVR_762	241356450513604334	13564505	13604334	1	1	1				Loss	39830	13.564505	13.604334	18	16.5
24	CNVR_773	246044185360476719	60441853	60476719	2	1			2		Gain	34867	60.441853	60.476719	18	16.5
24	CNVR_769	244411692944155534	44116929	44155534	2	2		2			Loss	38606	44.116929	44.155534	18	16.5
24	CNVR_764	242458220624620212	24582206	24620212	2	2		2			Loss	38007	24.582206	24.620212	18	16.5
24	CNVR_760	241315888913331435	13158889	13331435	8	8	7		1		Mixed	172547	13.158889	13.331435	18	16.5
24	CNVR_761	241346121613521424	13461216	13521424	1	1		1			Loss	60209	13.461216	13.521424	18	16.5
24	CNVR_768	244254122842608970	42541228	42608970	2	2		2			Loss	67743	42.541228	42.60897	18	16.5
24	CNVR_767	244182935141970218	41829351	41970218	3	3		3			Loss	140868	41.829351	41.970218	18	16.5
24	CNVR_771	245235677252388202	52356772	52388202	2	2	2				Loss	31431	52.356772	52.388202	18	16.5
24	CNVR_772	245416496854204348	54164968	54204348	1	1			1		Gain	39381	54.164968	54.204348	18	16.5
24	CNVR_763	241731597917382473	17315979	17382473	2	2	2				Loss	66495	17.315979	17.382473	18	16.5
24	CNVR_766	243869053538729638	38690535	38729638	1	1			1		Gain	39104	38.690535	38.729638	18	16.5
25	CNVR_774	251734621771425	173462	1771425	50	43		20	29	1	Mixed	1597964	0.173462	1.771425	15	13.5
25	CNVR_781	254038730240436393	40387302	40436393	1	1		1			Loss	49092	40.387302	40.436393	15	13.5
25	CNVR_780	253644852936625127	36448529	36625127	3	3			3		Gain	176599	36.448529	36.625127	15	13.5
25	CNVR_776	2596210919690819	9621091	9690819	6	4			6		Gain	69729	9.621091	9.690819	15	13.5
25	CNVR_779	251655735816647252	16557358	16647252	4	4		3	1		Mixed	89895	16.557358	16.647252	15	13.5
25	CNVR_777	251010990310160301	10109903	10160301	2	2	1	1			Loss	50399	10.109903	10.160301	15	13.5
25	CNVR_778	251356757913626127	13567579	13626127	1	1		1			Loss	58549	13.567579	13.626127	15	13.5
25	CNVR_775	2523170282424799	2317028	2424799	2	2			2		Gain	107772	2.317028	2.424799	15	13.5
25	CNVR_782	254111546542657417	41115465	42657417	17	15		5	12		Mixed	1541953	41.115465	42.657417	15	13.5
26	CNVR_789	262203711222215515	22037112	22215515	1	1		1			Loss	178404	22.037112	22.215515	12	10.5
26	CNVR_792	262797424628056789	27974246	28056789	3	3	3				Loss	82544	27.974246	28.056789	12	10.5
26	CNVR_793	262864652928784693	28646529	28784693	2	2		2			Loss	138165	28.646529	28.784693	12	10.5
26	CNVR_795	263585273836025446	35852738	36025446	6	6		1	5		Mixed	172709	35.852738	36.025446	12	10.5
26	CNVR_785	261236411912500044	12364119	12500044	1	1	1				Loss	135926	12.364119	12.500044	12	10.5
26	CNVR_784	261133274311443033	11332743	11443033	1	1			1		Gain	110291	11.332743	11.443033	12	10.5
26	CNVR_797	264818713248223351	48187132	48223351	1	1		1			Loss	36220	48.187132	48.223351	12	10.5
26	CNVR_798	265080354551625550	50803545	51625550	22	19		2	20		Mixed	822006	50.803545	51.62555	12	10.5
26	CNVR_790	262336385223420638	23363852	23420638	1	1	1				Loss	56787	23.363852	23.420638	12	10.5
26	CNVR_788	262170813321787462	21708133	21787462	2	2	2				Loss	79330	21.708133	21.787462	12	10.5
26	CNVR_787	261585114915868599	15851149	15868599	7	7		7			Loss	17451	15.851149	15.868599	12	10.5
26	CNVR_794	263094015830963937	30940158	30963937	1	1		1			Loss	23780	30.940158	30.963937	12	10.5
26	CNVR_796	263615839036236584	36158390	36236584	1	1			1		Gain	78195	36.15839	36.236584	12	10.5
26	CNVR_783	2629658463087092	2965846	3087092	4	4	1	2	1		Mixed	121247	2.965846	3.087092	12	10.5
26	CNVR_791	262569156025776777	25691560	25776777	11	11	7	1	3		Mixed	85218	25.69156	25.776777	12	10.5
26	CNVR_786	261375880013814193	13758800	13814193	1	1			1		Gain	55394	13.7588	13.814193	12	10.5
27	CNVR_803	271927241222448445	19272412	22448445	2	2		1	1		Mixed	3176034	19.272412	22.448445	9	7.5
27	CNVR_799	2721685312287885	2168531	2287885	5	5	5				Loss	119355	2.168531	2.287885	9	7.5
27	CNVR_802	271544700418226356	15447004	18226356	1	1			1		Gain	2779353	15.447004	18.226356	9	7.5
27	CNVR_809	274376620043816848	43766200	43816848	2	2		2			Loss	50649	43.7662	43.816848	9	7.5
27	CNVR_810	274511385145153084	45113851	45153084	1	1	1				Loss	39234	45.113851	45.153084	9	7.5
27	CNVR_811	274525600645388171	45256006	45388171	1	1			1		Gain	132166	45.256006	45.388171	9	7.5
27	CNVR_805	272639346926444012	26393469	26444012	1	1		1			Loss	50544	26.393469	26.444012	9	7.5
27	CNVR_800	2769225146990804	6922514	6990804	1	1	1				Loss	68291	6.922514	6.990804	9	7.5
27	CNVR_801	27816009212430054	8160092	12430054	18	17	1	9	8		Mixed	4269963	8.160092	12.430054	9	7.5
27	CNVR_804	272262116122705701	22621161	22705701	1	1		1			Loss	84541	22.621161	22.705701	9	7.5
27	CNVR_808	273382179033926784	33821790	33926784	1	1		1			Loss	104995	33.82179	33.926784	9	7.5
27	CNVR_806	272954767229621503	29547672	29621503	3	3		3			Loss	73832	29.547672	29.621503	9	7.5
27	CNVR_807	272973934729871854	29739347	29871854	1	1	1				Loss	132508	29.739347	29.871854	9	7.5
28	CNVR_812	2811302021166081	1130202	1166081	1	1		1			Loss	35880	1.130202	1.166081	6	4.5
28	CNVR_820	282033211924211870	20332119	24211870	4	4		1	3		Mixed	3879752	20.332119	24.21187	6	4.5
28	CNVR_818	281914071219509353	19140712	19509353	1	1		1			Loss	368642	19.140712	19.509353	6	4.5
28	CNVR_822	282861331129445044	28613311	29445044	4	4		4			Loss	831734	28.613311	29.445044	6	4.5
28	CNVR_823	283003086830587017	30030868	30587017	2	2		2			Loss	556150	30.030868	30.587017	6	4.5
28	CNVR_824	283384718533897208	33847185	33897208	1	1		1			Loss	50024	33.847185	33.897208	6	4.5
28	CNVR_825	283505183435113955	35051834	35113955	3	3		1	2		Mixed	62122	35.051834	35.113955	6	4.5
28	CNVR_826	283618346536263181	36183465	36263181	1	1	1				Loss	79717	36.183465	36.263181	6	4.5
28	CNVR_814	2836375553648435	3637555	3648435	2	2			2		Gain	10881	3.637555	3.648435	6	4.5
28	CNVR_827	284442131844824205	44421318	44824205	3	3		3			Loss	402888	44.421318	44.824205	6	4.5
28	CNVR_815	2880223878200649	8022387	8200649	5	4		4	1		Mixed	178263	8.022387	8.200649	6	4.5
28	CNVR_816	2885732878598618	8573287	8598618	1	1		1			Loss	25332	8.573287	8.598618	6	4.5
28	CNVR_819	281958712119643454	19587121	19643454	4	4		4			Loss	56334	19.587121	19.643454	6	4.5
28	CNVR_817	28988641012593367	9886410	12593367	2	2			2		Gain	2706958	9.88641	12.593367	6	4.5
28	CNVR_813	2823137532869287	2313753	2869287	143	134	139		4		Mixed	555535	2.313753	2.869287	6	4.5
28	CNVR_821	282448044325386457	24480443	25386457	13	12	1	9	3		Mixed	906015	24.480443	25.386457	6	4.5
29	CNVR_832	291920081822047517	19200818	22047517	21	19	2	17	2		Mixed	2846700	19.200818	22.047517	3	1.5
29	CNVR_833	293011362530132438	30113625	30132438	2	2		2			Loss	18814	30.113625	30.132438	3	1.5
29	CNVR_834	293141372631529635	31413726	31529635	12	12		11	1		Mixed	115910	31.413726	31.529635	3	1.5
29	CNVR_835	293169391031734709	31693910	31734709	1	1			1		Gain	40800	31.69391	31.734709	3	1.5
29	CNVR_828	2932452233316585	3245223	3316585	1	1	1				Loss	71363	3.245223	3.316585	3	1.5
29	CNVR_836	293654401636573929	36544016	36573929	1	1	1				Loss	29914	36.544016	36.573929	3	1.5
29	CNVR_837	293876734639842168	38767346	39842168	2	2			2		Gain	1074823	38.767346	39.842168	3	1.5
29	CNVR_838	294606289546073378	46062895	46073378	1	1		1			Loss	10484	46.062895	46.073378	3	1.5
29	CNVR_839	294670351046800709	46703510	46800709	4	4			4		Gain	97200	46.70351	46.800709	3	1.5
29	CNVR_840	294757292047668622	47572920	47668622	2	2	2				Loss	95703	47.57292	47.668622	3	1.5
29	CNVR_841	294926136651492483	49261366	51492483	17	15		2	15		Mixed	2231118	49.261366	51.492483	3	1.5
29	CNVR_830	291302870315774315	13028703	15774315	2	2	1		1		Mixed	2745613	13.028703	15.774315	3	1.5
29	CNVR_831	291690748216937536	16907482	16937536	1	1		1			Loss	30055	16.907482	16.937536	3	1.5
29	CNVR_829	2994611709542296	9461170	9542296	1	1			1		Gain	81127	9.46117	9.542296	3	1.5
3	CNVR_114	3100880075101202890	100880075	101202890	5	4			5		Gain	322816	100.880075	101.20289	81	79.5
3	CNVR_115	3106508411106543574	106508411	106543574	3	3		3			Loss	35164	106.508411	106.543574	81	79.5
3	CNVR_116	3106808144106833383	106808144	106833383	1	1			1		Gain	25240	106.808144	106.833383	81	79.5
3	CNVR_89	31101267911063503	11012679	11063503	1	1	1				Loss	50825	11.012679	11.063503	81	79.5
3	CNVR_117	3110334180110449617	110334180	110449617	1	1		1			Loss	115438	110.33418	110.449617	81	79.5
3	CNVR_118	3110558160110617198	110558160	110617198	1	1		1			Loss	59039	110.55816	110.617198	81	79.5
3	CNVR_119	3110807418111021216	110807418	111021216	1	1		1			Loss	213799	110.807418	111.021216	81	79.5
3	CNVR_120	3120478760121383238	120478760	121383238	13	13		2	11		Mixed	904479	120.47876	121.383238	81	79.5
3	CNVR_90	31682163116881296	16821631	16881296	2	2		2			Loss	59666	16.821631	16.881296	81	79.5
3	CNVR_91	32048018920541753	20480189	20541753	1	1		1			Loss	61565	20.480189	20.541753	81	79.5
3	CNVR_92	32073214720802121	20732147	20802121	1	1			1		Gain	69975	20.732147	20.802121	81	79.5
3	CNVR_93	32093747821044052	20937478	21044052	1	1			1		Gain	106575	20.937478	21.044052	81	79.5
3	CNVR_94	32895593629082177	28955936	29082177	1	1		1			Loss	126242	28.955936	29.082177	81	79.5
3	CNVR_95	33174815231808404	31748152	31808404	1	1			1		Gain	60253	31.748152	31.808404	81	79.5
3	CNVR_96	33234900832634203	32349008	32634203	1	1		1			Loss	285196	32.349008	32.634203	81	79.5
3	CNVR_97	33442183434501432	34421834	34501432	1	1		1			Loss	79599	34.421834	34.501432	81	79.5
3	CNVR_98	33717275641992103	37172756	41992103	19	18		16	3		Mixed	4819348	37.172756	41.992103	81	79.5
3	CNVR_88	3413387471545	413387	471545	1	1			1		Gain	58159	0.413387	0.471545	81	79.5
3	CNVR_99	34306846943433688	43068469	43433688	2	2		2			Loss	365220	43.068469	43.433688	81	79.5
3	CNVR_100	34684253746922624	46842537	46922624	1	1		1			Loss	80088	46.842537	46.922624	81	79.5
3	CNVR_101	35214750852212857	52147508	52212857	1	1			1		Gain	65350	52.147508	52.212857	81	79.5
3	CNVR_102	35241582052559046	52415820	52559046	7	7		7			Loss	143227	52.41582	52.559046	81	79.5
3	CNVR_103	35436991055074485	54369910	55074485	58	33		5	45	8	Mixed	704576	54.36991	55.074485	81	79.5
3	CNVR_104	35524033655289372	55240336	55289372	1	1			1		Gain	49037	55.240336	55.289372	81	79.5
3	CNVR_105	35677006156845685	56770061	56845685	1	1		1			Loss	75625	56.770061	56.845685	81	79.5
3	CNVR_106	35910946459128666	59109464	59128666	2	2			2		Gain	19203	59.109464	59.128666	81	79.5
3	CNVR_107	36721435867348877	67214358	67348877	1	1		1			Loss	134520	67.214358	67.348877	81	79.5
3	CNVR_108	36744025067474440	67440250	67474440	1	1	1				Loss	34191	67.44025	67.47444	81	79.5
3	CNVR_109	36839312768432145	68393127	68432145	1	1		1			Loss	39019	68.393127	68.432145	81	79.5
3	CNVR_110	36925265669315385	69252656	69315385	1	1		1			Loss	62730	69.252656	69.315385	81	79.5
3	CNVR_111	36959691274348506	69596912	74348506	4	4	1	2	1		Mixed	4751595	69.596912	74.348506	81	79.5
3	CNVR_112	39104671491056753	91046714	91056753	1	1		1			Loss	10040	91.046714	91.056753	81	79.5
3	CNVR_113	39542777695625202	95427776	95625202	12	12		11	1		Mixed	197427	95.427776	95.625202	81	79.5
4	CNVR_159	4106018897106193024	106018897	106193024	6	5			6		Gain	174128	106.018897	106.193024	78	76.5
4	CNVR_160	4106923986106949831	106923986	106949831	3	3			3		Gain	25846	106.923986	106.949831	78	76.5
4	CNVR_161	4107241054107253901	107241054	107253901	2	2			2		Gain	12848	107.241054	107.253901	78	76.5
4	CNVR_127	41087607911247247	10876079	11247247	1	1		1			Loss	371169	10.876079	11.247247	78	76.5
4	CNVR_162	4113657341113889320	113657341	113889320	13	10			13		Gain	231980	113.657341	113.88932	78	76.5
4	CNVR_163	4118143048118259316	118143048	118259316	1	1			1		Gain	116269	118.143048	118.259316	78	76.5
4	CNVR_164	4119739577119881451	119739577	119881451	2	2		1	1		Mixed	141875	119.739577	119.881451	78	76.5
4	CNVR_128	41584976716918197	15849767	16918197	4	3		1	3		Mixed	1068431	15.849767	16.918197	78	76.5
4	CNVR_121	4171124258236	17112	4258236	8	5		1	7		Mixed	4241125	0.017112	4.258236	78	76.5
4	CNVR_129	41785890018815510	17858900	18815510	24	24	1	20	3		Mixed	956611	17.8589	18.81551	78	76.5
4	CNVR_130	42109414921413167	21094149	21413167	1	1		1			Loss	319019	21.094149	21.413167	78	76.5
4	CNVR_131	42242010122528691	22420101	22528691	1	1		1			Loss	108591	22.420101	22.528691	78	76.5
4	CNVR_132	42264600622745371	22646006	22745371	1	1	1				Loss	99366	22.646006	22.745371	78	76.5
4	CNVR_133	42384949823883976	23849498	23883976	1	1			1		Gain	34479	23.849498	23.883976	78	76.5
4	CNVR_134	43020098730242853	30200987	30242853	1	1		1			Loss	41867	30.200987	30.242853	78	76.5
4	CNVR_135	43103235931075631	31032359	31075631	1	1		1			Loss	43273	31.032359	31.075631	78	76.5
4	CNVR_136	44566465945743508	45664659	45743508	3	2	1	2			Loss	78850	45.664659	45.743508	78	76.5
4	CNVR_137	44868828348870790	48688283	48870790	4	4		4			Loss	182508	48.688283	48.87079	78	76.5
4	CNVR_122	457336195785559	5733619	5785559	5	5		1	4		Mixed	51941	5.733619	5.785559	78	76.5
4	CNVR_138	45859192659647887	58591926	59647887	3	3		2	1		Mixed	1055962	58.591926	59.647887	78	76.5
4	CNVR_139	45981301059953839	59813010	59953839	3	2			3		Gain	140830	59.81301	59.953839	78	76.5
4	CNVR_123	462236146425277	6223614	6425277	81	45			81		Gain	201664	6.223614	6.425277	78	76.5
4	CNVR_140	46260649262638018	62606492	62638018	1	1			1		Gain	31527	62.606492	62.638018	78	76.5
4	CNVR_141	46525978765291207	65259787	65291207	1	1	1				Loss	31421	65.259787	65.291207	78	76.5
4	CNVR_142	46648290867007235	66482908	67007235	64	38		1	63		Mixed	524328	66.482908	67.007235	78	76.5
4	CNVR_143	46718375767234109	67183757	67234109	2	2		2			Loss	50353	67.183757	67.234109	78	76.5
4	CNVR_144	46891832569107262	68918325	69107262	1	1		1			Loss	188938	68.918325	69.107262	78	76.5
4	CNVR_145	46963148669751713	69631486	69751713	1	1		1			Loss	120228	69.631486	69.751713	78	76.5
4	CNVR_146	47229725772561411	72297257	72561411	29	25	6	19	4		Mixed	264155	72.297257	72.561411	78	76.5
4	CNVR_124	472851147366793	7285114	7366793	1	1		1			Loss	81680	7.285114	7.366793	78	76.5
4	CNVR_147	47367690373758088	73676903	73758088	34	32	4	30			Loss	81186	73.676903	73.758088	78	76.5
4	CNVR_148	47395739374042008	73957393	74042008	1	1			1		Gain	84616	73.957393	74.042008	78	76.5
4	CNVR_149	47438768174466214	74387681	74466214	2	2		1	1		Mixed	78534	74.387681	74.466214	78	76.5
4	CNVR_125	477083687839646	7708368	7839646	10	10		9	1		Mixed	131279	7.708368	7.839646	78	76.5
4	CNVR_150	47743107177495451	77431071	77495451	1	1		1			Loss	64381	77.431071	77.495451	78	76.5
4	CNVR_151	48252222082580198	82522220	82580198	1	1		1			Loss	57979	82.52222	82.580198	78	76.5
4	CNVR_152	48370825185983005	83708251	85983005	11	10	1	1	9		Mixed	2274755	83.708251	85.983005	78	76.5
4	CNVR_126	490941039324270	9094103	9324270	1	1		1			Loss	230168	9.094103	9.32427	78	76.5
4	CNVR_153	49122598691263201	91225986	91263201	2	2		2			Loss	37216	91.225986	91.263201	78	76.5
4	CNVR_154	49285613392939988	92856133	92939988	1	1			1		Gain	83856	92.856133	92.939988	78	76.5
4	CNVR_155	49478563895069722	94785638	95069722	1	1		1			Loss	284085	94.785638	95.069722	78	76.5
4	CNVR_156	49584945495948437	95849454	95948437	1	1		1			Loss	98984	95.849454	95.948437	78	76.5
4	CNVR_157	49677042496823498	96770424	96823498	3	3			2	1	Gain	53075	96.770424	96.823498	78	76.5
4	CNVR_158	49790336698129316	97903366	98129316	1	1				1	Gain	225951	97.903366	98.129316	78	76.5
5	CNVR_188	5100518489100543485	100518489	100543485	1	1		1			Loss	24997	100.518489	100.543485	75	73.5
5	CNVR_189	5102779831102925813	102779831	102925813	1	1		1			Loss	145983	102.779831	102.925813	75	73.5
5	CNVR_190	5106514671106581845	106514671	106581845	1	1		1			Loss	67175	106.514671	106.581845	75	73.5
5	CNVR_191	5107489920107615276	107489920	107615276	1	1			1		Gain	125357	107.48992	107.615276	75	73.5
5	CNVR_192	5110295128110313761	110295128	110313761	1	1			1		Gain	18634	110.295128	110.313761	75	73.5
5	CNVR_193	5112302390112435212	112302390	112435212	2	2		2			Loss	132823	112.30239	112.435212	75	73.5
5	CNVR_194	5114576720114598081	114576720	114598081	1	1			1		Gain	21362	114.57672	114.598081	75	73.5
5	CNVR_195	5115010779115061022	115010779	115061022	5	5			5		Gain	50244	115.010779	115.061022	75	73.5
5	CNVR_196	5116073984116109703	116073984	116109703	1	1		1			Loss	35720	116.073984	116.109703	75	73.5
5	CNVR_197	5118174364118475383	118174364	118475383	2	2		1	1		Mixed	301020	118.174364	118.475383	75	73.5
5	CNVR_198	5119212170121175859	119212170	121175859	56	43	23	17	15	1	Mixed	1963690	119.21217	121.175859	75	73.5
5	CNVR_165	514644571506039	1464457	1506039	2	2		2			Loss	41583	1.464457	1.506039	75	73.5
5	CNVR_167	51489440314953446	14894403	14953446	1	1		1			Loss	59044	14.894403	14.953446	75	73.5
5	CNVR_168	52721437827287454	27214378	27287454	2	1			2		Gain	73077	27.214378	27.287454	75	73.5
5	CNVR_169	53759002437643766	37590024	37643766	1	1	1				Loss	53743	37.590024	37.643766	75	73.5
5	CNVR_170	54080445640939678	40804456	40939678	1	1		1			Loss	135223	40.804456	40.939678	75	73.5
5	CNVR_171	54156528541606346	41565285	41606346	2	2	2				Loss	41062	41.565285	41.606346	75	73.5
5	CNVR_172	54197373942085647	41973739	42085647	1	1		1			Loss	111909	41.973739	42.085647	75	73.5
5	CNVR_173	54217974942241538	42179749	42241538	4	4	4				Loss	61790	42.179749	42.241538	75	73.5
5	CNVR_174	54999915650032694	49999156	50032694	1	1		1			Loss	33539	49.999156	50.032694	75	73.5
5	CNVR_175	55029530350411994	50295303	50411994	2	2		2			Loss	116692	50.295303	50.411994	75	73.5
5	CNVR_176	55066954750719772	50669547	50719772	1	1	1				Loss	50226	50.669547	50.719772	75	73.5
5	CNVR_177	55118256751436511	51182567	51436511	7	7		4	3		Mixed	253945	51.182567	51.436511	75	73.5
5	CNVR_178	55163626755590501	51636267	55590501	11	10	1	4	6		Mixed	3954235	51.636267	55.590501	75	73.5
5	CNVR_179	55636465856410718	56364658	56410718	1	1		1			Loss	46061	56.364658	56.410718	75	73.5
5	CNVR_180	55800327160293911	58003271	60293911	8	7	1	5	2		Mixed	2290641	58.003271	60.293911	75	73.5
5	CNVR_181	56051309260550857	60513092	60550857	1	1		1			Loss	37766	60.513092	60.550857	75	73.5
5	CNVR_166	576748029143490	7674802	9143490	3	3			3		Gain	1468689	7.674802	9.14349	75	73.5
5	CNVR_182	58000572580105134	80005725	80105134	1	1		1			Loss	99410	80.005725	80.105134	75	73.5
5	CNVR_183	58322584383279905	83225843	83279905	1	1			1		Gain	54063	83.225843	83.279905	75	73.5
5	CNVR_184	58954515193920010	89545151	93920010	22	22		13	9		Mixed	4374860	89.545151	93.92001	75	73.5
5	CNVR_185	59403961994089800	94039619	94089800	1	1			1		Gain	50182	94.039619	94.0898	75	73.5
5	CNVR_186	59582222495908632	95822224	95908632	6	6			4	2	Gain	86409	95.822224	95.908632	75	73.5
5	CNVR_187	59809571898144559	98095718	98144559	1	1		1			Loss	48842	98.095718	98.144559	75	73.5
6	CNVR_246	6104320493104423445	104320493	104423445	2	1			2		Gain	102953	104.320493	104.423445	72	70.5
6	CNVR_201	610547861093395	1054786	1093395	1	1	1				Loss	38610	1.054786	1.093395	72	70.5
6	CNVR_247	6106834002107602097	106834002	107602097	8	7		3	5		Mixed	768096	106.834002	107.602097	72	70.5
6	CNVR_248	6108026956108093276	108026956	108093276	1	1			1		Gain	66321	108.026956	108.093276	72	70.5
6	CNVR_249	6108349990108455130	108349990	108455130	2	2			2		Gain	105141	108.34999	108.45513	72	70.5
6	CNVR_250	6108805685109722791	108805685	109722791	10	9		6	4		Mixed	917107	108.805685	109.722791	72	70.5
6	CNVR_251	6117087265117148273	117087265	117148273	1	1			1		Gain	61009	117.087265	117.148273	72	70.5
6	CNVR_252	6118721760119437258	118721760	119437258	4	4			4		Gain	715499	118.72176	119.437258	72	70.5
6	CNVR_205	61229640212391211	12296402	12391211	5	3		5			Loss	94810	12.296402	12.391211	72	70.5
6	CNVR_206	61493013814972093	14930138	14972093	1	1		1			Loss	41956	14.930138	14.972093	72	70.5
6	CNVR_207	61962101319669809	19621013	19669809	1	1			1		Gain	48797	19.621013	19.669809	72	70.5
6	CNVR_208	62019844320229434	20198443	20229434	1	1			1		Gain	30992	20.198443	20.229434	72	70.5
6	CNVR_209	62505227225175118	25052272	25175118	6	6		6			Loss	122847	25.052272	25.175118	72	70.5
6	CNVR_210	62862550128733167	28625501	28733167	1	1			1		Gain	107667	28.625501	28.733167	72	70.5
6	CNVR_211	62910091629355660	29100916	29355660	3	3		3			Loss	254745	29.100916	29.35566	72	70.5
6	CNVR_212	63240833134959851	32408331	34959851	4	4		2	2		Mixed	2551521	32.408331	34.959851	72	70.5
6	CNVR_202	633337043434626	3333704	3434626	1	1			1		Gain	100923	3.333704	3.434626	72	70.5
6	CNVR_213	63563521735816425	35635217	35816425	2	2	1	1			Loss	181209	35.635217	35.816425	72	70.5
6	CNVR_199	6363111455000	363111	455000	3	3			3		Gain	91890	0.363111	0.455	72	70.5
6	CNVR_214	63788567937894102	37885679	37894102	3	3	3				Loss	8424	37.885679	37.894102	72	70.5
6	CNVR_215	63796238237978802	37962382	37978802	9	8		9			Loss	16421	37.962382	37.978802	72	70.5
6	CNVR_216	63876247038931436	38762470	38931436	9	9		4	5		Mixed	168967	38.76247	38.931436	72	70.5
6	CNVR_217	63925925739300440	39259257	39300440	2	1			2		Gain	41184	39.259257	39.30044	72	70.5
6	CNVR_218	63948226639486775	39482266	39486775	1	1	1				Loss	4510	39.482266	39.486775	72	70.5
6	CNVR_203	641236424156416	4123642	4156416	1	1		1			Loss	32775	4.123642	4.156416	72	70.5
6	CNVR_219	64857862751492985	48578627	51492985	4	4		2	2		Mixed	2914359	48.578627	51.492985	72	70.5
6	CNVR_220	65358120853787963	53581208	53787963	2	1		2			Loss	206756	53.581208	53.787963	72	70.5
6	CNVR_221	65386352053915677	53863520	53915677	2	2		1	1		Mixed	52158	53.86352	53.915677	72	70.5
6	CNVR_222	65522928055616565	55229280	55616565	1	1			1		Gain	387286	55.22928	55.616565	72	70.5
6	CNVR_223	65579605955852936	55796059	55852936	2	2			2		Gain	56878	55.796059	55.852936	72	70.5
6	CNVR_224	65612970556350739	56129705	56350739	5	5		3	2		Mixed	221035	56.129705	56.350739	72	70.5
6	CNVR_225	65648114556563958	56481145	56563958	3	3		2	1		Mixed	82814	56.481145	56.563958	72	70.5
6	CNVR_226	65674840756797342	56748407	56797342	1	1		1			Loss	48936	56.748407	56.797342	72	70.5
6	CNVR_227	65690345357301902	56903453	57301902	5	5		3	1	1	Mixed	398450	56.903453	57.301902	72	70.5
6	CNVR_228	66037212660692672	60372126	60692672	2	2		2			Loss	320547	60.372126	60.692672	72	70.5
6	CNVR_229	66340255067423466	63402550	67423466	4	4		3	1		Mixed	4020917	63.40255	67.423466	72	70.5
6	CNVR_230	66890484669184582	68904846	69184582	2	2		2			Loss	279737	68.904846	69.184582	72	70.5
6	CNVR_231	67668710076788010	76687100	76788010	2	2			2		Gain	100911	76.6871	76.78801	72	70.5
6	CNVR_232	67722898477827925	77228984	77827925	10	10		10			Loss	598942	77.228984	77.827925	72	70.5
6	CNVR_233	67927313079426835	79273130	79426835	2	2		2			Loss	153706	79.27313	79.426835	72	70.5
6	CNVR_234	67973212979806828	79732129	79806828	1	1			1		Gain	74700	79.732129	79.806828	72	70.5
6	CNVR_235	67990118380276956	79901183	80276956	5	5		3	2		Mixed	375774	79.901183	80.276956	72	70.5
6	CNVR_236	68063553380664740	80635533	80664740	4	4		4			Loss	29208	80.635533	80.66474	72	70.5
6	CNVR_237	68124487181802044	81244871	81802044	12	12		8	3	1	Mixed	557174	81.244871	81.802044	72	70.5
6	CNVR_238	68461708884724544	84617088	84724544	7	7		7			Loss	107457	84.617088	84.724544	72	70.5
6	CNVR_239	68583831186207116	85838311	86207116	59	59	53	5	1		Mixed	368806	85.838311	86.207116	72	70.5
6	CNVR_204	6861790711875487	8617907	11875487	26	21		19	7		Mixed	3257581	8.617907	11.875487	72	70.5
6	CNVR_240	68646015386573379	86460153	86573379	2	2			2		Gain	113227	86.460153	86.573379	72	70.5
6	CNVR_241	68675625686786552	86756256	86786552	1	1		1			Loss	30297	86.756256	86.786552	72	70.5
6	CNVR_200	6874205905736	874205	905736	1	1		1			Loss	31532	0.874205	0.905736	72	70.5
6	CNVR_242	69099533691023863	90995336	91023863	2	2			2		Gain	28528	90.995336	91.023863	72	70.5
6	CNVR_243	69163614791660390	91636147	91660390	2	1			2		Gain	24244	91.636147	91.66039	72	70.5
6	CNVR_244	69219553292242383	92195532	92242383	1	1			1		Gain	46852	92.195532	92.242383	72	70.5
6	CNVR_245	69665448597475077	96654485	97475077	4	4		3	1		Mixed	820593	96.654485	97.475077	72	70.5
7	CNVR_286	7104597819104689305	104597819	104689305	2	2		1	1		Mixed	91487	104.597819	104.689305	69	67.5
7	CNVR_287	7105279874109027529	105279874	109027529	9	6	2	1	6		Mixed	3747656	105.279874	109.027529	69	67.5
7	CNVR_288	7111073047111106929	111073047	111106929	1	1			1		Gain	33883	111.073047	111.106929	69	67.5
7	CNVR_289	7112479572112610067	112479572	112610067	4	2			4		Gain	130496	112.479572	112.610067	69	67.5
7	CNVR_256	71482285214859746	14822852	14859746	1	1			1		Gain	36895	14.822852	14.859746	69	67.5
7	CNVR_257	71509038315165475	15090383	15165475	1	1		1			Loss	75093	15.090383	15.165475	69	67.5
7	CNVR_258	71534077315408372	15340773	15408372	2	2		2			Loss	67600	15.340773	15.408372	69	67.5
7	CNVR_259	71561280415734286	15612804	15734286	1	1	1				Loss	121483	15.612804	15.734286	69	67.5
7	CNVR_253	7169828233662	169828	233662	101	76	46	39	16		Mixed	63835	0.169828	0.233662	69	67.5
7	CNVR_260	72289027723166779	22890277	23166779	2	1		2			Loss	276503	22.890277	23.166779	69	67.5
7	CNVR_261	72322480623260788	23224806	23260788	1	1			1		Gain	35983	23.224806	23.260788	69	67.5
7	CNVR_262	72326970923298999	23269709	23298999	1	1			1		Gain	29291	23.269709	23.298999	69	67.5
7	CNVR_263	72330297323323496	23302973	23323496	2	2			1	1	Gain	20524	23.302973	23.323496	69	67.5
7	CNVR_264	72386821924693994	23868219	24693994	5	4		5			Loss	825776	23.868219	24.693994	69	67.5
7	CNVR_265	72493105624946051	24931056	24946051	7	7			7		Gain	14996	24.931056	24.946051	69	67.5
7	CNVR_266	72498202425111723	24982024	25111723	1	1		1			Loss	129700	24.982024	25.111723	69	67.5
7	CNVR_267	72841684728454058	28416847	28454058	2	2		2			Loss	37212	28.416847	28.454058	69	67.5
7	CNVR_268	72854235828657444	28542358	28657444	4	4	2		2		Mixed	115087	28.542358	28.657444	69	67.5
7	CNVR_269	72956014029642778	29560140	29642778	1	1	1				Loss	82639	29.56014	29.642778	69	67.5
7	CNVR_270	73311939935366992	33119399	35366992	10	6			10		Gain	2247594	33.119399	35.366992	69	67.5
7	CNVR_271	73610594236178539	36105942	36178539	2	2			2		Gain	72598	36.105942	36.178539	69	67.5
7	CNVR_272	73721474537263486	37214745	37263486	8	8		8			Loss	48742	37.214745	37.263486	69	67.5
7	CNVR_273	74146601141525995	41466011	41525995	1	1				1	Gain	59985	41.466011	41.525995	69	67.5
7	CNVR_274	74677081046970000	46770810	46970000	1	1		1			Loss	199191	46.77081	46.97	69	67.5
7	CNVR_275	75023347550261760	50233475	50261760	5	5		5			Loss	28286	50.233475	50.26176	69	67.5
7	CNVR_276	75357852353713177	53578523	53713177	1	1			1		Gain	134655	53.578523	53.713177	69	67.5
7	CNVR_277	75484837654966221	54848376	54966221	4	4			3	1	Gain	117846	54.848376	54.966221	69	67.5
7	CNVR_278	76606495866112882	66064958	66112882	2	2	2				Loss	47925	66.064958	66.112882	69	67.5
7	CNVR_279	77062101970822690	70621019	70822690	12	10			12		Gain	201672	70.621019	70.82269	69	67.5
7	CNVR_280	77688669676940532	76886696	76940532	1	1		1			Loss	53837	76.886696	76.940532	69	67.5
7	CNVR_281	77785469682546140	77854696	82546140	3	3	1		2		Mixed	4691445	77.854696	82.54614	69	67.5
7	CNVR_282	78605335188572978	86053351	88572978	23	21	8	8	5	2	Mixed	2519628	86.053351	88.572978	69	67.5
7	CNVR_283	78929493989342174	89294939	89342174	1	1			1		Gain	47236	89.294939	89.342174	69	67.5
7	CNVR_284	79322487693263102	93224876	93263102	8	7		6	2		Mixed	38227	93.224876	93.263102	69	67.5
7	CNVR_285	79352220095027313	93522200	95027313	2	2			2		Gain	1505114	93.5222	95.027313	69	67.5
7	CNVR_255	7943450311402583	9434503	11402583	112	48	4	5	101	2	Mixed	1968081	9.434503	11.402583	69	67.5
7	CNVR_254	7983878989660	983878	989660	2	2		2			Loss	5783	0.983878	0.98966	69	67.5
8	CNVR_318	8100259287100341996	100259287	100341996	1	1		1			Loss	82710	100.259287	100.341996	66	64.5
8	CNVR_319	8103240741103619063	103240741	103619063	4	4		4			Loss	378323	103.240741	103.619063	66	64.5
8	CNVR_320	8108663779108687702	108663779	108687702	1	1		1			Loss	23924	108.663779	108.687702	66	64.5
8	CNVR_321	8113043285113118348	113043285	113118348	1	1			1		Gain	75064	113.043285	113.118348	66	64.5
8	CNVR_292	81298537513030885	12985375	13030885	2	2		2			Loss	45511	12.985375	13.030885	66	64.5
8	CNVR_293	81367500813743674	13675008	13743674	1	1			1		Gain	68667	13.675008	13.743674	66	64.5
8	CNVR_294	81746690521695762	17466905	21695762	1	1			1		Gain	4228858	17.466905	21.695762	66	64.5
8	CNVR_290	818737384988343	1873738	4988343	2	2			2		Gain	3114606	1.873738	4.988343	66	64.5
8	CNVR_295	83192651931948876	31926519	31948876	1	1		1			Loss	22358	31.926519	31.948876	66	64.5
8	CNVR_296	83228364632611423	32283646	32611423	5	5		4	1		Mixed	327778	32.283646	32.611423	66	64.5
8	CNVR_297	83289525532947777	32895255	32947777	2	2		2			Loss	52523	32.895255	32.947777	66	64.5
8	CNVR_298	83502306435093059	35023064	35093059	1	1			1		Gain	69996	35.023064	35.093059	66	64.5
8	CNVR_299	83573376836008038	35733768	36008038	1	1			1		Gain	274271	35.733768	36.008038	66	64.5
8	CNVR_300	83752888437562604	37528884	37562604	1	1		1			Loss	33721	37.528884	37.562604	66	64.5
8	CNVR_301	83861264538672654	38612645	38672654	1	1		1			Loss	60010	38.612645	38.672654	66	64.5
8	CNVR_302	84131438741544668	41314387	41544668	3	3		3			Loss	230282	41.314387	41.544668	66	64.5
8	CNVR_303	84362883843816192	43628838	43816192	1	1	1				Loss	187355	43.628838	43.816192	66	64.5
8	CNVR_304	84389071444100329	43890714	44100329	1	1			1		Gain	209616	43.890714	44.100329	66	64.5
8	CNVR_305	84436457244501531	44364572	44501531	2	2		2			Loss	136960	44.364572	44.501531	66	64.5
8	CNVR_306	85015726550215945	50157265	50215945	1	1		1			Loss	58681	50.157265	50.215945	66	64.5
8	CNVR_307	87089444271263375	70894442	71263375	1	1	1				Loss	368934	70.894442	71.263375	66	64.5
8	CNVR_308	87551423975604164	75514239	75604164	1	1		1			Loss	89926	75.514239	75.604164	66	64.5
8	CNVR_309	88300655683048502	83006556	83048502	1	1			1		Gain	41947	83.006556	83.048502	66	64.5
8	CNVR_310	88319066583273697	83190665	83273697	46	46	46				Loss	83033	83.190665	83.273697	66	64.5
8	CNVR_311	88383273383888935	83832733	83888935	1	1		1			Loss	56203	83.832733	83.888935	66	64.5
8	CNVR_312	88403029984099596	84030299	84099596	2	2		2			Loss	69298	84.030299	84.099596	66	64.5
8	CNVR_313	88889344288893548	88893442	88893548	19	19		2	17		Mixed	107	88.893442	88.893548	66	64.5
8	CNVR_314	88933994889379138	89339948	89379138	1	1			1		Gain	39191	89.339948	89.379138	66	64.5
8	CNVR_315	89300330193025439	93003301	93025439	1	1			1		Gain	22139	93.003301	93.025439	66	64.5
8	CNVR_316	89327682595307289	93276825	95307289	13	11		6	5	2	Mixed	2030465	93.276825	95.307289	66	64.5
8	CNVR_291	895351969631916	9535196	9631916	1	1		1			Loss	96721	9.535196	9.631916	66	64.5
8	CNVR_317	89582952896156374	95829528	96156374	5	5	5				Loss	326847	95.829528	96.156374	66	64.5
9	CNVR_365	9103523508103604815	103523508	103604815	3	3		3			Loss	81308	103.523508	103.604815	63	61.5
9	CNVR_366	9103984871104050068	103984871	104050068	1	1			1		Gain	65198	103.984871	104.050068	63	61.5
9	CNVR_367	9104154509104196469	104154509	104196469	1	1		1			Loss	41961	104.154509	104.196469	63	61.5
9	CNVR_368	9104986599105035231	104986599	105035231	1	1			1		Gain	48633	104.986599	105.035231	63	61.5
9	CNVR_334	91286019312946867	12860193	12946867	5	5	5				Loss	86675	12.860193	12.946867	63	61.5
9	CNVR_322	912910961427119	1291096	1427119	2	2		2			Loss	136024	1.291096	1.427119	63	61.5
9	CNVR_335	91402073714292992	14020737	14292992	4	4		3	1		Mixed	272256	14.020737	14.292992	63	61.5
9	CNVR_336	91561949815647119	15619498	15647119	1	1			1		Gain	27622	15.619498	15.647119	63	61.5
9	CNVR_337	91591646318416803	15916463	18416803	2	2		1	1		Mixed	2500341	15.916463	18.416803	63	61.5
9	CNVR_323	916737282445262	1673728	2445262	5	5		3	2		Mixed	771535	1.673728	2.445262	63	61.5
9	CNVR_338	91876903418871847	18769034	18871847	5	5		3	2		Mixed	102814	18.769034	18.871847	63	61.5
9	CNVR_339	92210783922190749	22107839	22190749	1	1		1			Loss	82911	22.107839	22.190749	63	61.5
9	CNVR_340	92502997125185694	25029971	25185694	3	3		2	1		Mixed	155724	25.029971	25.185694	63	61.5
9	CNVR_324	927389972934964	2738997	2934964	5	5	5				Loss	195968	2.738997	2.934964	63	61.5
9	CNVR_341	92864080828662223	28640808	28662223	1	1		1			Loss	21416	28.640808	28.662223	63	61.5
9	CNVR_325	930187633115242	3018763	3115242	8	8		8			Loss	96480	3.018763	3.115242	63	61.5
9	CNVR_342	93093988830966432	30939888	30966432	40	38	4	36			Loss	26545	30.939888	30.966432	63	61.5
9	CNVR_326	932097123303405	3209712	3303405	3	3		3			Loss	93694	3.209712	3.303405	63	61.5
9	CNVR_327	934589873481084	3458987	3481084	1	1			1		Gain	22098	3.458987	3.481084	63	61.5
9	CNVR_343	93534393236391522	35343932	36391522	3	2			3		Gain	1047591	35.343932	36.391522	63	61.5
9	CNVR_328	936281933651455	3628193	3651455	2	2		2			Loss	23263	3.628193	3.651455	63	61.5
9	CNVR_344	93640773636503439	36407736	36503439	1	1	1				Loss	95704	36.407736	36.503439	63	61.5
9	CNVR_345	94076574940830221	40765749	40830221	7	7			7		Gain	64473	40.765749	40.830221	63	61.5
9	CNVR_346	94620010846282758	46200108	46282758	1	1	1				Loss	82651	46.200108	46.282758	63	61.5
9	CNVR_347	94720824348175366	47208243	48175366	3	3		3			Loss	967124	47.208243	48.175366	63	61.5
9	CNVR_329	949068384966893	4906838	4966893	1	1	1				Loss	60056	4.906838	4.966893	63	61.5
9	CNVR_348	94925699949398875	49256999	49398875	3	3		3			Loss	141877	49.256999	49.398875	63	61.5
9	CNVR_349	94994398550027556	49943985	50027556	1	1			1		Gain	83572	49.943985	50.027556	63	61.5
9	CNVR_350	95421688854317953	54216888	54317953	1	1		1			Loss	101066	54.216888	54.317953	63	61.5
9	CNVR_330	954430945489326	5443094	5489326	1	1		1			Loss	46233	5.443094	5.489326	63	61.5
9	CNVR_351	95609385256101110	56093852	56101110	2	2		2			Loss	7259	56.093852	56.10111	63	61.5
9	CNVR_352	95638142456490122	56381424	56490122	1	1		1			Loss	108699	56.381424	56.490122	63	61.5
9	CNVR_331	962378186262126	6237818	6262126	2	2		2			Loss	24309	6.237818	6.262126	63	61.5
9	CNVR_332	966711746933291	6671174	6933291	2	2		1	1		Mixed	262118	6.671174	6.933291	63	61.5
9	CNVR_353	96684775866998719	66847758	66998719	3	3		3			Loss	150962	66.847758	66.998719	63	61.5
9	CNVR_333	972412647275154	7241264	7275154	2	2		2			Loss	33891	7.241264	7.275154	63	61.5
9	CNVR_354	97277320072882520	72773200	72882520	1	1			1		Gain	109321	72.7732	72.88252	63	61.5
9	CNVR_355	97472990774848962	74729907	74848962	1	1		1			Loss	119056	74.729907	74.848962	63	61.5
9	CNVR_356	97534896975454006	75348969	75454006	1	1		1			Loss	105038	75.348969	75.454006	63	61.5
9	CNVR_357	97915517980528413	79155179	80528413	1	1			1		Gain	1373235	79.155179	80.528413	63	61.5
9	CNVR_358	98141765881456800	81417658	81456800	2	2			1	1	Gain	39143	81.417658	81.4568	63	61.5
9	CNVR_359	98575300185927793	85753001	85927793	2	2	1		1		Mixed	174793	85.753001	85.927793	63	61.5
9	CNVR_360	98980041489847787	89800414	89847787	1	1		1			Loss	47374	89.800414	89.847787	63	61.5
9	CNVR_361	99054750390600872	90547503	90600872	1	1	1				Loss	53370	90.547503	90.600872	63	61.5
9	CNVR_362	99206166392093186	92061663	92093186	3	3		3			Loss	31524	92.061663	92.093186	63	61.5
9	CNVR_363	99594134495976235	95941344	95976235	4	4	4				Loss	34892	95.941344	95.976235	63	61.5
9	CNVR_364	99962672499658273	99626724	99658273	1	1			1		Gain	31550	99.626724	99.658273	63	61.5
