Chr	Start	End
1	835371	1363932
1	4784221	4834622
1	6154638	6236417
1	6521869	6643841
1	9038916	9080890
1	14652420	14717338
1	14876816	14961941
1	15103954	15207398
1	15491288	15605365
1	15937076	16069418
1	16119771	17021138
1	17354497	17685698
1	18946871	18998146
1	22539046	26966818
1	30224415	30414871
1	31038475	31269020
1	31641787	31670765
1	33149633	33176151
1	37713094	37781476
1	38352766	38403540
1	38472886	40379850
1	44526250	44542735
1	45423220	45479172
1	47078177	50057426
1	51169451	51211635
1	55259756	55396138
1	62918442	63025706
1	70590429	71015840
1	71602911	71651658
1	71848306	72350394
1	76322131	76347831
1	81933912	82007029
1	84345904	84424501
1	84660080	84897864
1	88638760	88904687
1	90813044	95047587
1	95549663	95571642
1	101686457	101752491
1	102155986	102211862
1	104804260	104881796
1	105018867	105084197
1	105405603	105603997
1	105754655	105922886
1	106062371	106295981
1	123954981	124246283
1	127518399	127749327
1	142904469	142999555
1	155772311	155802431
10	2315405	2335938
10	6775423	6918607
10	9086487	9319944
10	10405527	10598785
10	11278001	11484520
10	13180019	13252429
10	14129663	14200836
10	18743955	18882288
10	19017657	19095908
10	19589393	19631935
10	22208708	22252878
10	22379850	25265627
10	27053298	27098905
10	28081786	28104991
10	30431807	30475998
10	34862923	35014790
10	41754525	41812396
10	42702663	42912594
10	44556318	44773388
10	45323831	45364839
10	45465423	45864066
10	46548679	46598505
10	46665928	46694410
10	51307984	51409033
10	53716124	53858411
10	55708101	55805448
10	55993255	56015779
10	70258844	70279755
10	70813663	70948919
10	74818051	74844181
10	77091346	77143173
10	78857995	79609792
10	85649939	85681663
10	87560350	87803366
10	93072865	93209190
10	96019445	96065191
10	99558858	99578526
10	101705094	101774038
10	104016609	104169157
11	4164802	4225930
11	4895956	5024435
11	9651152	9723257
11	10557842	10630544
11	14754856	15310374
11	16727817	18471801
11	18657945	18761593
11	20307979	20350454
11	21273832	21411953
11	21729651	21787561
11	24539772	24571828
11	26002816	26778035
11	30508351	30551963
11	31967781	32045073
11	34053470	34147377
11	34273579	34450957
11	39888471	39936968
11	40875595	40926195
11	48066628	48307936
11	50330158	50376330
11	51893364	51959170
11	52004919	52140975
11	52294718	52589176
11	52843813	53132515
11	57227882	57458664
11	57882097	58442169
11	59819328	59953372
11	62308426	62392223
11	67016791	67092069
11	73292193	73361709
11	86965492	87049822
11	94181367	94358420
11	103264921	107282960
12	656896	965897
12	3070920	3133307
12	7706111	7992972
12	8987624	9079069
12	10027493	10140443
12	16187847	16218277
12	18096610	18115848
12	18472407	18621312
12	18961923	19094374
12	24668970	24744439
12	32089643	32251435
12	34446868	34505806
12	41433032	41774341
12	42098999	43799317
12	44945392	45196682
12	45803408	45870499
12	48956332	49095991
12	49318748	49360921
12	52546816	52734777
12	55525519	55583608
12	57683012	57803744
12	57900635	58725768
12	59108123	59239590
12	60314821	60568356
12	61608282	61759245
12	61940033	61985662
12	63477827	63808345
12	63877940	63924613
12	64265529	64338643
12	64423410	64479833
12	64866107	64977456
12	70488515	70618867
12	70776064	72117025
12	72419043	76870470
12	82137254	82234423
12	83266140	85453952
12	87614984	87713590
12	90077862	90704572
12	90805949	90841961
13	1342729	1425986
13	10898488	10947084
13	12337975	12436043
13	12543348	12808180
13	18066756	18175649
13	20225194	20545039
13	21837701	21849615
13	25949166	26092531
13	27768125	27856692
13	31136924	31199165
13	32353276	32449211
13	32511358	32549797
13	34088214	34218693
13	35528832	35615849
13	36918152	37145268
13	40972213	41035630
13	41643163	41693700
13	43643509	43790405
13	46502709	46530325
13	50407864	50607191
13	53838879	53862891
13	53915515	54076116
13	54663649	55426095
13	55594826	55613243
13	57876144	58099969
13	58163971	58253335
13	66717189	66727403
13	67490759	67530414
13	78238893	78282460
13	82264829	82287584
14	1651311	2239085
14	2264522	2488265
14	3153520	3548691
14	3620640	3685543
14	19993440	20421717
14	23638459	23685731
14	26794576	26810988
14	26841503	26905915
14	27408939	27463991
14	33417077	33510162
14	41433649	41518493
14	53328003	53371542
14	55219280	55910671
14	60215944	60249222
14	66725671	67048933
14	74372426	74414864
14	77329830	77442081
14	78336871	78386690
14	79178022	79315318
14	80422782	80603981
14	81097513	81125493
14	81584369	81647927
14	83652503	83853220
14	84594318	84628243
15	74750	1295957
15	2130402	4293948
15	6612281	6679978
15	10991066	11197384
15	11439502	11715623
15	11967665	12088152
15	12689785	12751702
15	18569217	18664416
15	20590237	20737282
15	29871540	29985272
15	38366974	38519493
15	45172230	45214807
15	45479580	45540133
15	46539222	46975690
15	47873132	48075574
15	50409037	50444721
15	52290626	52421203
15	53963778	54005235
15	55459883	55502718
15	56546863	56736391
15	57620485	57733709
15	62630856	62647758
15	68021790	68058858
15	68387254	73255004
15	74297570	74365136
15	74461397	74518742
15	80033854	80069939
15	80280657	80935724
15	80991339	81076017
15	81488498	81513752
15	85132419	85272311
16	2306627	2321416
16	5584314	6125517
16	6208012	6272908
16	8405022	8457522
16	10859069	10958964
16	12465527	12508155
16	15118639	15537023
16	16788521	16880383
16	27091029	27164390
16	28229247	28270797
16	28863840	28949332
16	30962706	31255320
16	33515802	33613674
16	34094009	34354132
16	47971231	48088496
16	50414751	50966489
16	51095203	51214395
16	51267407	51460884
16	56668701	56803437
16	57829170	57855149
16	61020819	61064265
16	61932640	62244131
16	63687923	63721883
16	70882322	70906202
16	71349209	71431541
16	78059640	78134822
16	78498476	78553509
17	727200	2748831
17	6780652	6834140
17	6875650	7144481
17	8815216	8940106
17	21319214	21627514
17	22285150	22378265
17	22889724	23431642
17	23903929	23942252
17	24308458	24539327
17	25010293	25167004
17	26793994	26896170
17	27097698	27484341
17	30640617	34057200
17	34933710	35050237
17	39437952	39505279
17	42422307	42685587
17	47608485	47667026
17	50685977	51000846
17	55118382	55314133
17	56310258	56514551
17	59344670	59449631
17	60881278	61082159
17	67975896	68052478
17	73291697	75132928
18	2698908	2864232
18	5593975	5684886
18	12418878	12519571
18	13346768	13415468
18	13811610	13974114
18	15547815	15883183
18	16836655	16869103
18	25906797	26085825
18	27235807	27304159
18	27529633	27649787
18	27870868	28375091
18	36757115	36895563
18	38815705	38883296
18	48200818	48217729
18	57516245	57565406
18	61156737	61172967
18	61206414	61241191
18	61644854	61929947
18	63359526	63423120
18	63672441	63710811
18	63896972	63931097
18	65892176	65999195
19	3247474	3273393
19	7761493	7902781
19	9896033	9980268
19	10114361	10377677
19	10426372	10457357
19	11049355	11199299
19	11341602	11435269
19	11516852	11672305
19	12506188	12592024
19	13992324	14062783
19	14543123	14606603
19	18232821	18299083
19	18351965	18467274
19	18943093	19047484
19	24752222	24812617
19	27576066	28031919
19	32113206	32239821
19	39064320	39126656
19	42064863	42089455
19	46723662	46908534
19	47507587	47649610
19	48050643	48389861
19	49621708	49818910
19	51370101	51720852
19	52740740	52872517
19	55101341	55191677
19	56129958	56136270
19	56955428	56993243
2	160777	211641
2	2254298	2303356
2	4720583	4792312
2	7457310	8521798
2	8933349	9454144
2	9890166	13411225
2	13597108	13668484
2	19335330	19423385
2	24714894	25093953
2	25438405	25638543
2	26362611	26460035
2	26581537	26663654
2	27366556	28035273
2	28246133	29839570
2	33138898	33255910
2	35852731	35898373
2	36438945	36483235
2	41251021	41304807
2	42042712	42293689
2	48116316	48169527
2	53200694	53749577
2	55325381	58384394
2	62666783	62708028
2	63897151	64043648
2	64218639	64784574
2	66696730	69527656
2	70866552	70957217
2	74228539	78942271
2	81336425	84170290
2	98416238	98490521
2	109500850	109537765
2	111090957	111229939
2	113716333	113946668
2	115322601	115334808
2	116287862	116325646
2	120123192	120174934
2	124336317	124398570
2	129657387	129705588
2	130381668	130511453
20	1086515	1196509
20	2695880	2886118
20	4349864	4395656
20	6385223	6505111
20	6658421	6736039
20	9813884	9890424
20	9944380	9990379
20	10253023	10424451
20	11339161	11383301
20	12042259	12066568
20	16892519	16939858
20	19520788	19630317
20	21859742	21930618
20	22292215	22462915
20	22960402	23017834
20	23825955	23886196
20	25535571	25597446
20	29717135	29785475
20	33627823	33725417
20	35249040	35502694
20	36840675	37297072
20	43217538	43381899
20	43781018	43889666
20	44211339	44237027
20	44800524	44838496
20	45966446	46107652
20	47032305	47299949
20	49339693	49592680
20	50382552	50387798
20	51611016	52183095
20	53097198	53410194
20	53717692	53855915
20	54584766	54833709
20	59957296	60129830
20	60147560	61455283
20	67627454	67680263
20	68416149	68547457
20	70752003	71971771
21	5660254	5690539
21	12262664	12408772
21	13657850	13715904
21	18061757	18077750
21	20063553	20259891
21	21744615	21859000
21	22611195	22668633
21	29654748	29762241
21	30881502	30908358
21	31741962	31817000
21	32565592	32669870
21	33084547	33113989
21	33460066	33515083
21	35167547	35248081
21	37926564	37993399
21	42275591	42357276
21	51126328	51138460
21	52273180	52490155
21	52771584	53285393
21	53743008	53779256
21	54181213	54276389
21	57072442	57114065
21	66679072	66729354
21	67413039	67542721
21	70294301	71573501
22	7124637	7186161
22	9165638	9458557
22	16248045	16342830
22	17654297	17750153
22	27856677	27911829
22	32599934	32629919
22	34085996	34168563
22	43894412	44172715
22	48712118	48846711
22	49462432	49739973
22	57444701	57486105
22	58896426	59642976
22	60038437	60143914
22	60272991	61378199
23	15894	1775946
23	14580054	14873800
23	16536674	16612406
23	24580918	24671650
23	25222914	25978647
23	26180182	26369699
23	27286587	27903991
23	28341860	28413350
23	28970578	29126339
23	30383571	30574212
23	30711619	30757886
23	31338261	31726418
23	32928987	32981013
23	42992055	43047899
23	52404772	52465632
24	10184151	10269985
24	11645293	11726699
24	13158889	13331435
24	13461216	13521424
24	13564505	13604334
24	17315979	17382473
24	24582206	24620212
24	26382635	29490959
24	38690535	38729638
24	41829351	41970218
24	42541228	42608970
24	44116929	44155534
24	50880573	50931360
24	52356772	52388202
24	54164968	54204348
24	60441853	60476719
25	173462	1771425
25	2317028	2424799
25	9621091	9690819
25	10109903	10160301
25	13567579	13626127
25	16557358	16647252
25	36448529	36625127
25	40387302	40436393
25	41115465	42657417
26	2965846	3087092
26	11332743	11443033
26	12364119	12500044
26	13758800	13814193
26	15851149	15868599
26	21708133	21787462
26	22037112	22215515
26	23363852	23420638
26	25691560	25776777
26	27974246	28056789
26	28646529	28784693
26	30940158	30963937
26	35852738	36025446
26	36158390	36236584
26	48187132	48223351
26	50803545	51625550
27	2168531	2287885
27	6922514	6990804
27	8160092	12430054
27	15447004	18226356
27	19272412	22448445
27	22621161	22705701
27	26393469	26444012
27	29547672	29621503
27	29739347	29871854
27	33821790	33926784
27	43766200	43816848
27	45113851	45153084
27	45256006	45388171
28	1130202	1166081
28	2313753	2869287
28	3637555	3648435
28	8022387	8200649
28	8573287	8598618
28	9886410	12593367
28	19140712	19509353
28	19587121	19643454
28	20332119	24211870
28	24480443	25386457
28	28613311	29445044
28	30030868	30587017
28	33847185	33897208
28	35051834	35113955
28	36183465	36263181
28	44421318	44824205
29	3245223	3316585
29	9461170	9542296
29	13028703	15774315
29	16907482	16937536
29	19200818	22047517
29	30113625	30132438
29	31413726	31529635
29	31693910	31734709
29	36544016	36573929
29	38767346	39842168
29	46062895	46073378
29	46703510	46800709
29	47572920	47668622
29	49261366	51492483
3	413387	471545
3	11012679	11063503
3	16821631	16881296
3	20480189	20541753
3	20732147	20802121
3	20937478	21044052
3	28955936	29082177
3	31748152	31808404
3	32349008	32634203
3	34421834	34501432
3	37172756	41992103
3	43068469	43433688
3	46842537	46922624
3	52147508	52212857
3	52415820	52559046
3	54369910	55074485
3	55240336	55289372
3	56770061	56845685
3	59109464	59128666
3	67214358	67348877
3	67440250	67474440
3	68393127	68432145
3	69252656	69315385
3	69596912	74348506
3	91046714	91056753
3	95427776	95625202
3	100880075	101202890
3	106508411	106543574
3	106808144	106833383
3	110334180	110449617
3	110558160	110617198
3	110807418	111021216
3	120478760	121383238
4	17112	4258236
4	5733619	5785559
4	6223614	6425277
4	7285114	7366793
4	7708368	7839646
4	9094103	9324270
4	10876079	11247247
4	15849767	16918197
4	17858900	18815510
4	21094149	21413167
4	22420101	22528691
4	22646006	22745371
4	23849498	23883976
4	30200987	30242853
4	31032359	31075631
4	45664659	45743508
4	48688283	48870790
4	58591926	59647887
4	59813010	59953839
4	62606492	62638018
4	65259787	65291207
4	66482908	67007235
4	67183757	67234109
4	68918325	69107262
4	69631486	69751713
4	72297257	72561411
4	73676903	73758088
4	73957393	74042008
4	74387681	74466214
4	77431071	77495451
4	82522220	82580198
4	83708251	85983005
4	91225986	91263201
4	92856133	92939988
4	94785638	95069722
4	95849454	95948437
4	96770424	96823498
4	97903366	98129316
4	106018897	106193024
4	106923986	106949831
4	107241054	107253901
4	113657341	113889320
4	118143048	118259316
4	119739577	119881451
5	1464457	1506039
5	7674802	9143490
5	14894403	14953446
5	27214378	27287454
5	37590024	37643766
5	40804456	40939678
5	41565285	41606346
5	41973739	42085647
5	42179749	42241538
5	49999156	50032694
5	50295303	50411994
5	50669547	50719772
5	51182567	51436511
5	51636267	55590501
5	56364658	56410718
5	58003271	60293911
5	60513092	60550857
5	80005725	80105134
5	83225843	83279905
5	89545151	93920010
5	94039619	94089800
5	95822224	95908632
5	98095718	98144559
5	100518489	100543485
5	102779831	102925813
5	106514671	106581845
5	107489920	107615276
5	110295128	110313761
5	112302390	112435212
5	114576720	114598081
5	115010779	115061022
5	116073984	116109703
5	118174364	118475383
5	119212170	121175859
6	363111	455000
6	874205	905736
6	1054786	1093395
6	3333704	3434626
6	4123642	4156416
6	8617907	11875487
6	12296402	12391211
6	14930138	14972093
6	19621013	19669809
6	20198443	20229434
6	25052272	25175118
6	28625501	28733167
6	29100916	29355660
6	32408331	34959851
6	35635217	35816425
6	37885679	37894102
6	37962382	37978802
6	38762470	38931436
6	39259257	39300440
6	39482266	39486775
6	48578627	51492985
6	53581208	53787963
6	53863520	53915677
6	55229280	55616565
6	55796059	55852936
6	56129705	56350739
6	56481145	56563958
6	56748407	56797342
6	56903453	57301902
6	60372126	60692672
6	63402550	67423466
6	68904846	69184582
6	76687100	76788010
6	77228984	77827925
6	79273130	79426835
6	79732129	79806828
6	79901183	80276956
6	80635533	80664740
6	81244871	81802044
6	84617088	84724544
6	85838311	86207116
6	86460153	86573379
6	86756256	86786552
6	90995336	91023863
6	91636147	91660390
6	92195532	92242383
6	96654485	97475077
6	104320493	104423445
6	106834002	107602097
6	108026956	108093276
6	108349990	108455130
6	108805685	109722791
6	117087265	117148273
6	118721760	119437258
7	169828	233662
7	983878	989660
7	9434503	11402583
7	14822852	14859746
7	15090383	15165475
7	15340773	15408372
7	15612804	15734286
7	22890277	23166779
7	23224806	23260788
7	23269709	23298999
7	23302973	23323496
7	23868219	24693994
7	24931056	24946051
7	24982024	25111723
7	28416847	28454058
7	28542358	28657444
7	29560140	29642778
7	33119399	35366992
7	36105942	36178539
7	37214745	37263486
7	41466011	41525995
7	46770810	46970000
7	50233475	50261760
7	53578523	53713177
7	54848376	54966221
7	66064958	66112882
7	70621019	70822690
7	76886696	76940532
7	77854696	82546140
7	86053351	88572978
7	89294939	89342174
7	93224876	93263102
7	93522200	95027313
7	104597819	104689305
7	105279874	109027529
7	111073047	111106929
7	112479572	112610067
8	1873738	4988343
8	9535196	9631916
8	12985375	13030885
8	13675008	13743674
8	17466905	21695762
8	31926519	31948876
8	32283646	32611423
8	32895255	32947777
8	35023064	35093059
8	35733768	36008038
8	37528884	37562604
8	38612645	38672654
8	41314387	41544668
8	43628838	43816192
8	43890714	44100329
8	44364572	44501531
8	50157265	50215945
8	70894442	71263375
8	75514239	75604164
8	83006556	83048502
8	83190665	83273697
8	83832733	83888935
8	84030299	84099596
8	88893442	88893548
8	89339948	89379138
8	93003301	93025439
8	93276825	95307289
8	95829528	96156374
8	100259287	100341996
8	103240741	103619063
8	108663779	108687702
8	113043285	113118348
9	1291096	1427119
9	1673728	2445262
9	2738997	2934964
9	3018763	3115242
9	3209712	3303405
9	3458987	3481084
9	3628193	3651455
9	4906838	4966893
9	5443094	5489326
9	6237818	6262126
9	6671174	6933291
9	7241264	7275154
9	12860193	12946867
9	14020737	14292992
9	15619498	15647119
9	15916463	18416803
9	18769034	18871847
9	22107839	22190749
9	25029971	25185694
9	28640808	28662223
9	30939888	30966432
9	35343932	36391522
9	36407736	36503439
9	40765749	40830221
9	46200108	46282758
9	47208243	48175366
9	49256999	49398875
9	49943985	50027556
9	54216888	54317953
9	56093852	56101110
9	56381424	56490122
9	66847758	66998719
9	72773200	72882520
9	74729907	74848962
9	75348969	75454006
9	79155179	80528413
9	81417658	81456800
9	85753001	85927793
9	89800414	89847787
9	90547503	90600872
9	92061663	92093186
9	95941344	95976235
9	99626724	99658273
9	103523508	103604815
9	103984871	104050068
9	104154509	104196469
9	104986599	105035231
