Chr	CNVR_ID	Start	End	Frequency	n_Sample	0	1	3	4	Type	Length	start_left	end_right	chr_top	chr_bottom
1	CNVR_1	1556392	2086121	10	10		6	4		Mixed	529730	1.556392	2.086121	87	85.5
1	CNVR_2	5519231	5569070	1	1		1			Loss	49840	5.519231	5.56907	87	85.5
1	CNVR_3	6813154	6893254	1	1		1			Loss	80101	6.813154	6.893254	87	85.5
1	CNVR_4	7159731	7202401	1	1			1		Gain	42671	7.159731	7.202401	87	85.5
1	CNVR_5	7260253	7280774	1	1			1		Gain	20522	7.260253	7.280774	87	85.5
1	CNVR_6	9666125	9708099	1	1			1		Gain	41975	9.666125	9.708099	87	85.5
1	CNVR_7	10954721	11033253	1	1		1			Loss	78533	10.954721	11.033253	87	85.5
1	CNVR_8	14247401	14579710	7	7		2	5		Mixed	332310	14.247401	14.57971	87	85.5
1	CNVR_9	15191489	15250173	1	1	1				Loss	58685	15.191489	15.250173	87	85.5
1	CNVR_10	15408544	15492702	1	1		1			Loss	84159	15.408544	15.492702	87	85.5
1	CNVR_11	15624885	15727563	3	3		3			Loss	102679	15.624885	15.727563	87	85.5
1	CNVR_12	15990556	16114873	2	2		2			Loss	124318	15.990556	16.114873	87	85.5
1	CNVR_13	16446038	16604159	2	1			2		Gain	158122	16.446038	16.604159	87	85.5
1	CNVR_14	16817375	17537664	21	19	2	15	4		Mixed	720290	16.817375	17.537664	87	85.5
1	CNVR_15	17863023	18194846	11	11		7	4		Mixed	331824	17.863023	18.194846	87	85.5
1	CNVR_16	18918611	19206010	2	2		2			Loss	287400	18.918611	19.20601	87	85.5
1	CNVR_17	19455564	19507076	1	1			1		Gain	51513	19.455564	19.507076	87	85.5
1	CNVR_18	20541415	20566611	1	1		1			Loss	25197	20.541415	20.566611	87	85.5
1	CNVR_19	23030390	28064356	7	7		3	4		Mixed	5033967	23.03039	28.064356	87	85.5
1	CNVR_20	30659162	30840833	3	3		3			Loss	181672	30.659162	30.840833	87	85.5
1	CNVR_21	31475581	31699827	4	4		4			Loss	224247	31.475581	31.699827	87	85.5
1	CNVR_22	32073771	32180030	1	1			1		Gain	106260	32.073771	32.18003	87	85.5
1	CNVR_23	33584316	33610831	1	1		1			Loss	26516	33.584316	33.610831	87	85.5
1	CNVR_24	38112817	38181686	11	11		10	1		Mixed	68870	38.112817	38.181686	87	85.5
1	CNVR_25	38752163	38802298	1	1		1			Loss	50136	38.752163	38.802298	87	85.5
1	CNVR_26	38870499	41759552	12	10		4	7	1	Mixed	2889054	38.870499	41.759552	87	85.5
1	CNVR_27	42466675	42574052	2	2		2			Loss	107378	42.466675	42.574052	87	85.5
1	CNVR_28	42615734	42692592	3	3		3			Loss	76859	42.615734	42.692592	87	85.5
1	CNVR_29	44571298	44649313	3	3		1	2		Mixed	78016	44.571298	44.649313	87	85.5
1	CNVR_30	45090218	45146168	1	1			1		Gain	55951	45.090218	45.146168	87	85.5
1	CNVR_31	45837138	45869917	1	1			1		Gain	32780	45.837138	45.869917	87	85.5
1	CNVR_32	47050759	49515972	8	7	2	4	2		Mixed	2465214	47.050759	49.515972	87	85.5
1	CNVR_33	49952651	50064432	1	1		1			Loss	111782	49.952651	50.064432	87	85.5
1	CNVR_34	50767507	50809694	1	1		1			Loss	42188	50.767507	50.809694	87	85.5
1	CNVR_35	54843886	54978255	2	1		2			Loss	134370	54.843886	54.978255	87	85.5
1	CNVR_36	69979144	70404106	3	3		3			Loss	424963	69.979144	70.404106	87	85.5
1	CNVR_37	71238937	71380741	5	5		5			Loss	141805	71.238937	71.380741	87	85.5
1	CNVR_38	75707006	75732698	1	1		1			Loss	25693	75.707006	75.732698	87	85.5
1	CNVR_39	81343507	81416748	7	7			7		Gain	73242	81.343507	81.416748	87	85.5
1	CNVR_40	83707085	83810343	7	7		6	1		Mixed	103259	83.707085	83.810343	87	85.5
1	CNVR_41	84046023	84284676	8	8		7	1		Mixed	238654	84.046023	84.284676	87	85.5
1	CNVR_42	88012422	88278205	4	2			4		Gain	265784	88.012422	88.278205	87	85.5
1	CNVR_43	90408826	94679895	23	21		22	1		Mixed	4271070	90.408826	94.679895	87	85.5
1	CNVR_44	94782982	94804961	1	1		1			Loss	21980	94.782982	94.804961	87	85.5
1	CNVR_45	101346641	101402516	1	1		1			Loss	55876	101.346641	101.402516	87	85.5
1	CNVR_46	101612280	102089512	4	4		2	1	1	Mixed	477233	101.61228	102.089512	87	85.5
1	CNVR_47	103272899	103339600	1	1		1			Loss	66702	103.272899	103.3396	87	85.5
1	CNVR_48	104199530	104263712	1	1			1		Gain	64183	104.19953	104.263712	87	85.5
1	CNVR_49	104515879	104784023	1	1			1		Gain	268145	104.515879	104.784023	87	85.5
1	CNVR_50	104932182	105100473	1	1		1			Loss	168292	104.932182	105.100473	87	85.5
1	CNVR_51	105239570	105472672	1	1			1		Gain	233103	105.23957	105.472672	87	85.5
1	CNVR_52	115368465	115487178	1	1			1		Gain	118714	115.368465	115.487178	87	85.5
1	CNVR_53	120398043	120455085	1	1		1			Loss	57043	120.398043	120.455085	87	85.5
1	CNVR_54	122712193	123649875	9	9		4	4	1	Mixed	937683	122.712193	123.649875	87	85.5
1	CNVR_55	126520577	126747762	5	5		5			Loss	227186	126.520577	126.747762	87	85.5
1	CNVR_56	131466441	131488608	1	1		1			Loss	22168	131.466441	131.488608	87	85.5
1	CNVR_57	141411087	141464985	2	2	2				Loss	53899	141.411087	141.464985	87	85.5
1	CNVR_58	153209819	153246471	1	1	1				Loss	36653	153.209819	153.246471	87	85.5
1	CNVR_59	154336232	154445682	4	4		4			Loss	109451	154.336232	154.445682	87	85.5
1	CNVR_60	157003140	157019589	1	1			1		Gain	16450	157.00314	157.019589	87	85.5
1	CNVR_61	157665979	157775990	21	19		2	19		Mixed	110012	157.665979	157.77599	87	85.5
1	CNVR_62	157905244	157913264	1	1		1			Loss	8021	157.905244	157.913264	87	85.5
10	CNVR_413	110950	164069	1	1			1		Gain	53120	0.11095	0.164069	60	58.5
10	CNVR_414	545401	561907	1	1		1			Loss	16507	0.545401	0.561907	60	58.5
10	CNVR_415	1860161	1936953	1	1		1			Loss	76793	1.860161	1.936953	60	58.5
10	CNVR_416	2367278	2387809	4	3	2	2			Loss	20532	2.367278	2.387809	60	58.5
10	CNVR_417	6846956	6989555	1	1		1			Loss	142600	6.846956	6.989555	60	58.5
10	CNVR_418	8707331	8842897	1	1		1			Loss	135567	8.707331	8.842897	60	58.5
10	CNVR_419	9143166	9354675	2	2		2			Loss	211510	9.143166	9.354675	60	58.5
10	CNVR_420	10467395	10490050	1	1		1			Loss	22656	10.467395	10.49005	60	58.5
10	CNVR_421	11354552	11544918	5	5		5			Loss	190367	11.354552	11.544918	60	58.5
10	CNVR_422	13219798	13290512	2	2		2			Loss	70715	13.219798	13.290512	60	58.5
10	CNVR_423	14157673	14228843	2	1			2		Gain	71171	14.157673	14.228843	60	58.5
10	CNVR_424	18786999	18854031	1	1		1			Loss	67033	18.786999	18.854031	60	58.5
10	CNVR_425	18991042	19055444	1	1		1			Loss	64403	18.991042	19.055444	60	58.5
10	CNVR_426	19755228	19797770	1	1			1		Gain	42543	19.755228	19.79777	60	58.5
10	CNVR_427	21794678	21841817	2	2			2		Gain	47140	21.794678	21.841817	60	58.5
10	CNVR_428	22364061	22408227	1	1			1		Gain	44167	22.364061	22.408227	60	58.5
10	CNVR_429	22796412	23703141	34	27	5	15	13	1	Mixed	906730	22.796412	23.703141	60	58.5
10	CNVR_430	24799737	25349755	8	8	1	2	5		Mixed	550019	24.799737	25.349755	60	58.5
10	CNVR_431	27012287	27057896	1	1	1				Loss	45610	27.012287	27.057896	60	58.5
10	CNVR_432	27274195	27320537	2	1			2		Gain	46343	27.274195	27.320537	60	58.5
10	CNVR_433	28030117	28053351	1	1			1		Gain	23235	28.030117	28.053351	60	58.5
10	CNVR_434	30358059	30402170	1	1		1			Loss	44112	30.358059	30.40217	60	58.5
10	CNVR_435	34858599	34914334	1	1	1				Loss	55736	34.858599	34.914334	60	58.5
10	CNVR_436	36538466	36803995	1	1		1			Loss	265530	36.538466	36.803995	60	58.5
10	CNVR_437	41412968	41462308	1	1		1			Loss	49341	41.412968	41.462308	60	58.5
10	CNVR_438	41667967	41725845	1	1		1			Loss	57879	41.667967	41.725845	60	58.5
10	CNVR_439	42661079	42869573	5	5		4	1		Mixed	208495	42.661079	42.869573	60	58.5
10	CNVR_440	44505055	44727501	1	1		1			Loss	222447	44.505055	44.727501	60	58.5
10	CNVR_441	45411930	45807766	2	2		2			Loss	395837	45.41193	45.807766	60	58.5
10	CNVR_442	46490485	46540291	1	1			1		Gain	49807	46.490485	46.540291	60	58.5
10	CNVR_443	46609304	46637787	1	1			1		Gain	28484	46.609304	46.637787	60	58.5
10	CNVR_444	51244357	51350146	1	1		1			Loss	105790	51.244357	51.350146	60	58.5
10	CNVR_445	53652144	53794314	3	2	2	1			Loss	142171	53.652144	53.794314	60	58.5
10	CNVR_446	55628092	55725724	6	5	3	3			Loss	97633	55.628092	55.725724	60	58.5
10	CNVR_447	55907151	55929569	1	1		1			Loss	22419	55.907151	55.929569	60	58.5
10	CNVR_448	70013138	70033332	1	1			1		Gain	20195	70.013138	70.033332	60	58.5
10	CNVR_449	70597940	70702717	1	1		1			Loss	104778	70.59794	70.702717	60	58.5
10	CNVR_450	74528909	74555038	3	3		3			Loss	26130	74.528909	74.555038	60	58.5
10	CNVR_451	78515830	79265033	2	2		2			Loss	749204	78.51583	79.265033	60	58.5
10	CNVR_452	85258477	85290340	1	1		1			Loss	31864	85.258477	85.29034	60	58.5
10	CNVR_453	91944026	92089797	1	1		1			Loss	145772	91.944026	92.089797	60	58.5
10	CNVR_454	94955619	95012640	2	2			2		Gain	57022	94.955619	95.01264	60	58.5
10	CNVR_455	98493921	98513608	1	1			1		Gain	19688	98.493921	98.513608	60	58.5
10	CNVR_456	100656201	100706066	4	4			4		Gain	49866	100.656201	100.706066	60	58.5
10	CNVR_457	103030307	103129795	3	2			2	1	Gain	99489	103.030307	103.129795	60	58.5
11	CNVR_458	122657	188097	2	2			2		Gain	65441	0.122657	0.188097	57	55.5
11	CNVR_459	4195587	4256064	5	4	1	3	1		Mixed	60478	4.195587	4.256064	57	55.5
11	CNVR_460	4927530	5053266	1	1		1			Loss	125737	4.92753	5.053266	57	55.5
11	CNVR_461	9672957	9743288	1	1		1			Loss	70332	9.672957	9.743288	57	55.5
11	CNVR_462	10647533	10735565	1	1		1			Loss	88033	10.647533	10.735565	57	55.5
11	CNVR_463	14734237	15290934	5	5		5			Loss	556698	14.734237	15.290934	57	55.5
11	CNVR_464	16392452	18452325	2	2			2		Gain	2059874	16.392452	18.452325	57	55.5
11	CNVR_465	18637619	18739862	1	1		1			Loss	102244	18.637619	18.739862	57	55.5
11	CNVR_466	20285444	20327920	8	8		6	2		Mixed	42477	20.285444	20.32792	57	55.5
11	CNVR_467	21704025	21762048	1	1			1		Gain	58024	21.704025	21.762048	57	55.5
11	CNVR_468	24474675	24506755	1	1			1		Gain	32081	24.474675	24.506755	57	55.5
11	CNVR_469	25925590	26384861	1	1		1			Loss	459272	25.92559	26.384861	57	55.5
11	CNVR_470	30638168	30723344	2	2		2			Loss	85177	30.638168	30.723344	57	55.5
11	CNVR_471	32020374	32088498	1	1	1				Loss	68125	32.020374	32.088498	57	55.5
11	CNVR_472	32116162	32193449	1	1		1			Loss	77288	32.116162	32.193449	57	55.5
11	CNVR_473	34439864	34617407	1	1		1			Loss	177544	34.439864	34.617407	57	55.5
11	CNVR_474	38023147	38048799	1	1		1			Loss	25653	38.023147	38.048799	57	55.5
11	CNVR_475	38303012	38322480	1	1		1			Loss	19469	38.303012	38.32248	57	55.5
11	CNVR_476	40026791	40064479	5	3			4	1	Gain	37689	40.026791	40.064479	57	55.5
11	CNVR_477	41017384	41067983	1	1		1			Loss	50600	41.017384	41.067983	57	55.5
11	CNVR_478	52008258	52045592	1	1		1			Loss	37335	52.008258	52.045592	57	55.5
11	CNVR_479	52132672	52671438	1	1			1		Gain	538767	52.132672	52.671438	57	55.5
11	CNVR_480	52924695	53211061	1	1			1		Gain	286367	52.924695	53.211061	57	55.5
11	CNVR_481	57304568	57670923	4	4		1	3		Mixed	366356	57.304568	57.670923	57	55.5
11	CNVR_482	57957745	58497959	15	15	1	13	1		Mixed	540215	57.957745	58.497959	57	55.5
11	CNVR_483	59889002	60022605	1	1		1			Loss	133604	59.889002	60.022605	57	55.5
11	CNVR_484	62354153	62437950	3	3		1	2		Mixed	83798	62.354153	62.43795	57	55.5
11	CNVR_485	73302300	73478626	1	1		1			Loss	176327	73.3023	73.478626	57	55.5
11	CNVR_486	86989572	87117767	1	1		1			Loss	128196	86.989572	87.117767	57	55.5
11	CNVR_487	95243657	95285863	1	1		1			Loss	42207	95.243657	95.285863	57	55.5
11	CNVR_488	96567133	96748895	2	2		2			Loss	181763	96.567133	96.748895	57	55.5
11	CNVR_489	103219634	106640039	62	45		17	40	5	Mixed	3420406	103.219634	106.640039	57	55.5
12	CNVR_490	605703	953496	2	2			2		Gain	347794	0.605703	0.953496	54	52.5
12	CNVR_491	1248895	1294811	1	1		1			Loss	45917	1.248895	1.294811	54	52.5
12	CNVR_492	4516906	4564035	1	1		1			Loss	47130	4.516906	4.564035	54	52.5
12	CNVR_493	7318998	7499961	2	2		2			Loss	180964	7.318998	7.499961	54	52.5
12	CNVR_494	7717682	8004398	9	9		6	3		Mixed	286717	7.717682	8.004398	54	52.5
12	CNVR_495	8211080	8303309	1	1			1		Gain	92230	8.21108	8.303309	54	52.5
12	CNVR_496	8944702	9035851	3	3		3			Loss	91150	8.944702	9.035851	54	52.5
12	CNVR_497	10005671	10117392	5	5		5			Loss	111722	10.005671	10.117392	54	52.5
12	CNVR_498	16141245	16171675	1	1			1		Gain	30431	16.141245	16.171675	54	52.5
12	CNVR_499	18018856	18038076	1	1			1		Gain	19221	18.018856	18.038076	54	52.5
12	CNVR_500	18394407	18543051	2	2			2		Gain	148645	18.394407	18.543051	54	52.5
12	CNVR_501	18866247	18999163	2	2			2		Gain	132917	18.866247	18.999163	54	52.5
12	CNVR_502	31868243	31966327	1	1		1			Loss	98085	31.868243	31.966327	54	52.5
12	CNVR_503	32430162	32458228	1	1			1		Gain	28067	32.430162	32.458228	54	52.5
12	CNVR_504	34199608	34258544	1	1	1				Loss	58937	34.199608	34.258544	54	52.5
12	CNVR_505	40908574	41482512	6	6		6			Loss	573939	40.908574	41.482512	54	52.5
12	CNVR_506	41639204	43504096	6	5		1	5		Mixed	1864893	41.639204	43.504096	54	52.5
12	CNVR_507	44647231	44896474	3	3		2	1		Mixed	249244	44.647231	44.896474	54	52.5
12	CNVR_508	45501101	45568197	1	1		1			Loss	67097	45.501101	45.568197	54	52.5
12	CNVR_509	48651266	48790568	2	2		1	1		Mixed	139303	48.651266	48.790568	54	52.5
12	CNVR_510	49002658	49055838	2	2		2			Loss	53181	49.002658	49.055838	54	52.5
12	CNVR_511	50029062	50104867	5	5	4	1			Loss	75806	50.029062	50.104867	54	52.5
12	CNVR_512	51382264	51412073	1	1		1			Loss	29810	51.382264	51.412073	54	52.5
12	CNVR_513	52199487	52385221	2	2		2			Loss	185735	52.199487	52.385221	54	52.5
12	CNVR_514	55183342	55241442	1	1		1			Loss	58101	55.183342	55.241442	54	52.5
12	CNVR_515	57324176	57444824	2	2		1	1		Mixed	120649	57.324176	57.444824	54	52.5
12	CNVR_516	57541708	58330693	82	51	3	69	10		Mixed	788986	57.541708	58.330693	54	52.5
12	CNVR_517	58746483	58878268	11	6			11		Gain	131786	58.746483	58.878268	54	52.5
12	CNVR_518	59879124	60512165	9	9		3	6		Mixed	633042	59.879124	60.512165	54	52.5
12	CNVR_519	61248778	61401960	4	2	1	3			Loss	153183	61.248778	61.40196	54	52.5
12	CNVR_520	61581280	62049442	2	2		1	1		Mixed	468163	61.58128	62.049442	54	52.5
12	CNVR_521	62865973	62886090	3	3		3			Loss	20118	62.865973	62.88609	54	52.5
12	CNVR_522	62971636	63429741	11	10		11			Loss	458106	62.971636	63.429741	54	52.5
12	CNVR_523	63887327	63961087	1	1		1			Loss	73761	63.887327	63.961087	54	52.5
12	CNVR_524	64475721	64586228	1	1			1		Gain	110508	64.475721	64.586228	54	52.5
12	CNVR_525	69804346	71589418	213	127	25	56	131	1	Mixed	1785073	69.804346	71.589418	54	52.5
12	CNVR_526	71657701	71701903	3	3	1		2		Mixed	44203	71.657701	71.701903	54	52.5
12	CNVR_527	71820369	72996370	59	55	30	26	2	1	Mixed	1176002	71.820369	72.99637	54	52.5
12	CNVR_528	78163435	78251127	27	20	14	13			Loss	87693	78.163435	78.251127	54	52.5
12	CNVR_529	79279720	81461384	7	6	3		4		Mixed	2181665	79.27972	81.461384	54	52.5
12	CNVR_530	85225566	85267889	1	1			1		Gain	42324	85.225566	85.267889	54	52.5
12	CNVR_531	86064733	86688013	4	4			4		Gain	623281	86.064733	86.688013	54	52.5
12	CNVR_532	86794730	86830784	1	1			1		Gain	36055	86.79473	86.830784	54	52.5
13	CNVR_533	250637	585203	1	1			1		Gain	334567	0.250637	0.585203	51	49.5
13	CNVR_534	10297467	10395756	4	4	1		3		Mixed	98290	10.297467	10.395756	51	49.5
13	CNVR_535	12280490	12378558	3	3		1	2		Mixed	98069	12.28049	12.378558	51	49.5
13	CNVR_536	12471939	12748454	4	3	1		3		Mixed	276516	12.471939	12.748454	51	49.5
13	CNVR_537	17800892	17909299	3	3		2	1		Mixed	108408	17.800892	17.909299	51	49.5
13	CNVR_538	19947737	20257287	9	9	1	6	1	1	Mixed	309551	19.947737	20.257287	51	49.5
13	CNVR_539	21555041	21608958	5	5		5			Loss	53918	21.555041	21.608958	51	49.5
13	CNVR_540	24397516	24515029	1	1		1			Loss	117514	24.397516	24.515029	51	49.5
13	CNVR_541	25678465	25886779	4	4		4			Loss	208315	25.678465	25.886779	51	49.5
13	CNVR_542	27496035	27584525	2	2		2			Loss	88491	27.496035	27.584525	51	49.5
13	CNVR_543	32220177	32258616	1	1		1			Loss	38440	32.220177	32.258616	51	49.5
13	CNVR_544	33798170	33834273	1	1		1			Loss	36104	33.79817	33.834273	51	49.5
13	CNVR_545	35224775	35311031	1	1		1			Loss	86257	35.224775	35.311031	51	49.5
13	CNVR_546	40624961	40688852	2	2		2			Loss	63892	40.624961	40.688852	51	49.5
13	CNVR_547	41276409	41326933	12	12	1	3	8		Mixed	50525	41.276409	41.326933	51	49.5
13	CNVR_548	43322783	43433183	36	34			36		Gain	110401	43.322783	43.433183	51	49.5
13	CNVR_549	46435930	46522912	1	1		1			Loss	86983	46.43593	46.522912	51	49.5
13	CNVR_550	51842153	52109473	1	1		1			Loss	267321	51.842153	52.109473	51	49.5
13	CNVR_551	53368037	53391697	1	1	1				Loss	23661	53.368037	53.391697	51	49.5
13	CNVR_552	53444123	53526707	5	5	5				Loss	82585	53.444123	53.526707	51	49.5
13	CNVR_553	53954346	54135002	1	1			1		Gain	180657	53.954346	54.135002	51	49.5
13	CNVR_554	54341978	54892952	9	9			9		Gain	550975	54.341978	54.892952	51	49.5
13	CNVR_555	57367650	57558958	1	1		1			Loss	191309	57.36765	57.558958	51	49.5
13	CNVR_556	57623027	57712686	1	1	1				Loss	89660	57.623027	57.712686	51	49.5
13	CNVR_557	61361508	61444179	1	1		1			Loss	82672	61.361508	61.444179	51	49.5
13	CNVR_558	66020536	66071349	3	3		2	1		Mixed	50814	66.020536	66.071349	51	49.5
13	CNVR_559	66830214	66869864	1	1			1		Gain	39651	66.830214	66.869864	51	49.5
13	CNVR_560	73230829	73287734	1	1			1		Gain	56906	73.230829	73.287734	51	49.5
14	CNVR_561	68024	195925	2	2			2		Gain	127902	0.068024	0.195925	48	46.5
14	CNVR_562	330256	1044777	8	7	1	3	4		Mixed	714522	0.330256	1.044777	48	46.5
14	CNVR_563	1082140	1286160	2	2		1	1		Mixed	204021	1.08214	1.28616	48	46.5
14	CNVR_564	2001936	2435470	4	4			4		Gain	433535	2.001936	2.43547	48	46.5
14	CNVR_565	18391223	18812033	11	6			11		Gain	420811	18.391223	18.812033	48	46.5
14	CNVR_566	21980847	22027926	2	2			2		Gain	47080	21.980847	22.027926	48	46.5
14	CNVR_567	25111427	25127840	1	1		1			Loss	16414	25.111427	25.12784	48	46.5
14	CNVR_568	25158355	25222766	2	2		2			Loss	64412	25.158355	25.222766	48	46.5
14	CNVR_569	25725851	25780871	1	1			1		Gain	55021	25.725851	25.780871	48	46.5
14	CNVR_570	32954349	32967563	1	1	1				Loss	13215	32.954349	32.967563	48	46.5
14	CNVR_571	39032005	39522512	2	2		2			Loss	490508	39.032005	39.522512	48	46.5
14	CNVR_572	40729813	41124123	3	3		1	2		Mixed	394311	40.729813	41.124123	48	46.5
14	CNVR_573	49039384	49070135	1	1		1			Loss	30752	49.039384	49.070135	48	46.5
14	CNVR_574	49401100	54481400	16	15		9	6	1	Mixed	5080301	49.4011	54.4814	48	46.5
14	CNVR_575	58056243	58089515	1	1			1		Gain	33273	58.056243	58.089515	48	46.5
14	CNVR_576	64205475	64235532	2	2			2		Gain	30058	64.205475	64.235532	48	46.5
14	CNVR_577	64678934	65243234	4	4		4			Loss	564301	64.678934	65.243234	48	46.5
14	CNVR_578	74939721	75064248	2	2	2				Loss	124528	74.939721	75.064248	48	46.5
14	CNVR_579	75956030	76005515	36	31	10	26			Loss	49486	75.95603	76.005515	48	46.5
14	CNVR_580	76800429	76937650	5	3		4	1		Mixed	137222	76.800429	76.93765	48	46.5
14	CNVR_581	78020352	78235444	4	4		1	3		Mixed	215093	78.020352	78.235444	48	46.5
14	CNVR_582	79210961	79273581	2	2			2		Gain	62621	79.210961	79.273581	48	46.5
14	CNVR_583	79971404	80071180	1	1			1		Gain	99777	79.971404	80.07118	48	46.5
14	CNVR_584	80520573	80559335	1	1		1			Loss	38763	80.520573	80.559335	48	46.5
14	CNVR_585	81274613	81441475	1	1		1			Loss	166863	81.274613	81.441475	48	46.5
14	CNVR_586	82213343	82247268	2	1			2		Gain	33926	82.213343	82.247268	48	46.5
15	CNVR_587	95457	1094876	5	4		2	3		Mixed	999420	0.095457	1.094876	45	43.5
15	CNVR_588	1905039	4162300	21	15		10	11		Mixed	2257262	1.905039	4.1623	45	43.5
15	CNVR_589	6287730	6431790	3	3		1	2		Mixed	144061	6.28773	6.43179	45	43.5
15	CNVR_590	7642301	7687606	1	1			1		Gain	45306	7.642301	7.687606	45	43.5
15	CNVR_591	10732718	10936002	3	3		2	1		Mixed	203285	10.732718	10.936002	45	43.5
15	CNVR_592	11144666	11428390	6	6		3	3		Mixed	283725	11.144666	11.42839	45	43.5
15	CNVR_593	11668637	11788887	4	4		1	3		Mixed	120251	11.668637	11.788887	45	43.5
15	CNVR_594	12426564	12486367	1	1	1				Loss	59804	12.426564	12.486367	45	43.5
15	CNVR_595	13117530	13203710	4	4	4				Loss	86181	13.11753	13.20371	45	43.5
15	CNVR_596	13849616	13923819	1	1		1			Loss	74204	13.849616	13.923819	45	43.5
15	CNVR_597	18340522	18425348	1	1	1				Loss	84827	18.340522	18.425348	45	43.5
15	CNVR_598	20276441	20424163	2	2		2			Loss	147723	20.276441	20.424163	45	43.5
15	CNVR_599	28923329	29028800	1	1			1		Gain	105472	28.923329	29.0288	45	43.5
15	CNVR_600	29345173	29458564	1	1			1		Gain	113392	29.345173	29.458564	45	43.5
15	CNVR_601	37889488	37988924	2	2		2			Loss	99437	37.889488	37.988924	45	43.5
15	CNVR_602	44574405	44616946	1	1			1		Gain	42542	44.574405	44.616946	45	43.5
15	CNVR_603	44643305	44671060	1	1			1		Gain	27756	44.643305	44.67106	45	43.5
15	CNVR_604	44878753	44939293	1	1		1			Loss	60541	44.878753	44.939293	45	43.5
15	CNVR_605	45854304	45902669	1	1			1		Gain	48366	45.854304	45.902669	45	43.5
15	CNVR_606	45962744	46354274	3	3			3		Gain	391531	45.962744	46.354274	45	43.5
15	CNVR_607	47192222	47491314	29	24	7		22		Mixed	299093	47.192222	47.491314	45	43.5
15	CNVR_608	48371261	48467282	1	1		1			Loss	96022	48.371261	48.467282	45	43.5
15	CNVR_609	49043365	49104529	1	1			1		Gain	61165	49.043365	49.104529	45	43.5
15	CNVR_610	49593727	49642755	2	2			2		Gain	49029	49.593727	49.642755	45	43.5
15	CNVR_611	49994423	50032210	1	1			1		Gain	37788	49.994423	50.03221	45	43.5
15	CNVR_612	51514220	51644699	1	1		1			Loss	130480	51.51422	51.644699	45	43.5
15	CNVR_613	53177461	53218885	1	1		1			Loss	41425	53.177461	53.218885	45	43.5
15	CNVR_614	54683112	54732561	2	2	2				Loss	49450	54.683112	54.732561	45	43.5
15	CNVR_615	56836949	56947464	3	3		3			Loss	110516	56.836949	56.947464	45	43.5
15	CNVR_616	61839149	61855683	1	1			1		Gain	16535	61.839149	61.855683	45	43.5
15	CNVR_617	62419747	62468802	1	1		1			Loss	49056	62.419747	62.468802	45	43.5
15	CNVR_618	67203221	67239891	1	1	1				Loss	36671	67.203221	67.239891	45	43.5
15	CNVR_619	68244402	68298144	1	1			1		Gain	53743	68.244402	68.298144	45	43.5
15	CNVR_620	69759035	69984268	2	2		1	1		Mixed	225234	69.759035	69.984268	45	43.5
15	CNVR_621	70224365	70517949	6	6		5	1		Mixed	293585	70.224365	70.517949	45	43.5
15	CNVR_622	71627906	71688173	1	1			1		Gain	60268	71.627906	71.688173	45	43.5
15	CNVR_623	73422749	73494231	1	1			1		Gain	71483	73.422749	73.494231	45	43.5
15	CNVR_624	73590486	73647677	1	1		1			Loss	57192	73.590486	73.647677	45	43.5
15	CNVR_625	78804694	78852525	2	2		1	1		Mixed	47832	78.804694	78.852525	45	43.5
15	CNVR_626	78985623	79611716	153	106	8	41	102	2	Mixed	626094	78.985623	79.611716	45	43.5
15	CNVR_627	79721442	79806748	6	6		4	2		Mixed	85307	79.721442	79.806748	45	43.5
15	CNVR_628	80200073	80224913	1	1			1		Gain	24841	80.200073	80.224913	45	43.5
15	CNVR_629	82499664	82572418	1	1		1			Loss	72755	82.499664	82.572418	45	43.5
15	CNVR_630	83996173	84260383	11	11		6	5		Mixed	264211	83.996173	84.260383	45	43.5
16	CNVR_631	3498548	3604825	1	1	1				Loss	106278	3.498548	3.604825	42	40.5
16	CNVR_632	5680582	5965231	16	12	3	13			Loss	284650	5.680582	5.965231	42	40.5
16	CNVR_633	6000309	6196805	7	4			7		Gain	196497	6.000309	6.196805	42	40.5
16	CNVR_634	6368752	6434297	3	3	3				Loss	65546	6.368752	6.434297	42	40.5
16	CNVR_635	7766369	7869522	5	5		2	3		Mixed	103154	7.766369	7.869522	42	40.5
16	CNVR_636	8762686	8870689	4	4		4			Loss	108004	8.762686	8.870689	42	40.5
16	CNVR_637	10254850	10354010	2	1		2			Loss	99161	10.25485	10.35401	42	40.5
16	CNVR_638	10819641	10851355	1	1			1		Gain	31715	10.819641	10.851355	42	40.5
16	CNVR_639	11850114	11891004	2	2	2				Loss	40891	11.850114	11.891004	42	40.5
16	CNVR_640	14274292	14908704	88	57	72	7	9		Mixed	634413	14.274292	14.908704	42	40.5
16	CNVR_641	16152108	16244500	1	1		1			Loss	92393	16.152108	16.2445	42	40.5
16	CNVR_642	24076398	24156316	1	1		1			Loss	79919	24.076398	24.156316	42	40.5
16	CNVR_643	25107818	25118197	1	1			1		Gain	10380	25.107818	25.118197	42	40.5
16	CNVR_644	26388857	26461264	1	1		1			Loss	72408	26.388857	26.461264	42	40.5
16	CNVR_645	27526973	27568525	1	1		1			Loss	41553	27.526973	27.568525	42	40.5
16	CNVR_646	28154457	28321010	2	2		2			Loss	166554	28.154457	28.32101	42	40.5
16	CNVR_647	30213147	30505468	1	1		1			Loss	292322	30.213147	30.505468	42	40.5
16	CNVR_648	32754885	32852344	1	1		1			Loss	97460	32.754885	32.852344	42	40.5
16	CNVR_649	33331779	33584654	6	6		6			Loss	252876	33.331779	33.584654	42	40.5
16	CNVR_650	41147381	41217175	1	1		1			Loss	69795	41.147381	41.217175	42	40.5
16	CNVR_651	47122872	47239304	3	3	3				Loss	116433	47.122872	47.239304	42	40.5
16	CNVR_652	49148097	49674031	4	4		4			Loss	525935	49.148097	49.674031	42	40.5
16	CNVR_653	49852100	49970146	1	1			1		Gain	118047	49.8521	49.970146	42	40.5
16	CNVR_654	55212092	55344755	2	2		2			Loss	132664	55.212092	55.344755	42	40.5
16	CNVR_655	56366468	56381192	1	1			1		Gain	14725	56.366468	56.381192	42	40.5
16	CNVR_656	57251627	57343354	1	1		1			Loss	91728	57.251627	57.343354	42	40.5
16	CNVR_657	59589341	59631972	1	1		1			Loss	42632	59.589341	59.631972	42	40.5
16	CNVR_658	60525984	60807765	36	18			36		Gain	281782	60.525984	60.807765	42	40.5
16	CNVR_659	62207587	62241544	1	1			1		Gain	33958	62.207587	62.241544	42	40.5
16	CNVR_660	67025984	67146187	2	2		2			Loss	120204	67.025984	67.146187	42	40.5
16	CNVR_661	69471279	69553620	1	1			1		Gain	82342	69.471279	69.55362	42	40.5
16	CNVR_662	76153451	76228029	1	1		1			Loss	74579	76.153451	76.228029	42	40.5
16	CNVR_663	76575462	76632577	1	1		1			Loss	57116	76.575462	76.632577	42	40.5
16	CNVR_664	77499096	77612188	1	1			1		Gain	113093	77.499096	77.612188	42	40.5
16	CNVR_665	79672105	79791892	1	1		1			Loss	119788	79.672105	79.791892	42	40.5
16	CNVR_666	80040634	80102228	1	1			1		Gain	61595	80.040634	80.102228	42	40.5
16	CNVR_667	80366462	80863910	4	4			4		Gain	497449	80.366462	80.86391	42	40.5
17	CNVR_668	737443	2766673	5	5	3		2		Mixed	2029231	0.737443	2.766673	39	37.5
17	CNVR_669	3296153	3369108	1	1	1				Loss	72956	3.296153	3.369108	39	37.5
17	CNVR_670	3529726	3568506	1	1	1				Loss	38781	3.529726	3.568506	39	37.5
17	CNVR_671	6794956	6848226	3	3			3		Gain	53271	6.794956	6.848226	39	37.5
17	CNVR_672	6889742	7158121	2	2		2			Loss	268380	6.889742	7.158121	39	37.5
17	CNVR_673	7340739	7389145	1	1		1			Loss	48407	7.340739	7.389145	39	37.5
17	CNVR_674	11566347	11716513	2	2		2			Loss	150167	11.566347	11.716513	39	37.5
17	CNVR_675	21008303	21130223	4	4		4			Loss	121921	21.008303	21.130223	39	37.5
17	CNVR_676	21897242	22060904	2	2	1	1			Loss	163663	21.897242	22.060904	39	37.5
17	CNVR_677	22247424	22285369	1	1		1			Loss	37946	22.247424	22.285369	39	37.5
17	CNVR_678	22569340	23144425	10	10		8	1	1	Mixed	575086	22.56934	23.144425	39	37.5
17	CNVR_679	23576599	23614738	1	1			1		Gain	38140	23.576599	23.614738	39	37.5
17	CNVR_680	23981017	24374905	6	6		5	1		Mixed	393889	23.981017	24.374905	39	37.5
17	CNVR_681	26745200	27068312	7	6	4	3			Loss	323113	26.7452	27.068312	39	37.5
17	CNVR_682	30297177	33893339	2	2		1	1		Mixed	3596163	30.297177	33.893339	39	37.5
17	CNVR_683	34535747	34651540	1	1		1			Loss	115794	34.535747	34.65154	39	37.5
17	CNVR_684	38593860	38661101	1	1		1			Loss	67242	38.59386	38.661101	39	37.5
17	CNVR_685	39220916	39321476	55	54	5	38	12		Mixed	100561	39.220916	39.321476	39	37.5
17	CNVR_686	41446019	41709619	6	4		6			Loss	263601	41.446019	41.709619	39	37.5
17	CNVR_687	46566562	46669627	4	4	4				Loss	103066	46.566562	46.669627	39	37.5
17	CNVR_688	52077181	52109735	1	1			1		Gain	32555	52.077181	52.109735	39	37.5
17	CNVR_689	52872065	53069851	3	3		3			Loss	197787	52.872065	53.069851	39	37.5
17	CNVR_690	54062683	54228261	1	1		1			Loss	165579	54.062683	54.228261	39	37.5
17	CNVR_691	57083149	57194642	7	7			5	2	Gain	111494	57.083149	57.194642	39	37.5
17	CNVR_692	58623706	58824595	1	1		1			Loss	200890	58.623706	58.824595	39	37.5
17	CNVR_693	65721324	65796850	1	1		1			Loss	75527	65.721324	65.79685	39	37.5
17	CNVR_694	67604252	68000928	1	1		1			Loss	396677	67.604252	68.000928	39	37.5
17	CNVR_695	68015202	68055218	2	2			2		Gain	40017	68.015202	68.055218	39	37.5
17	CNVR_696	70645226	70984463	3	3			3		Gain	339238	70.645226	70.984463	39	37.5
17	CNVR_697	71355374	73155293	48	38		9	36	3	Mixed	1799920	71.355374	73.155293	39	37.5
18	CNVR_698	2776211	2824948	1	1			1		Gain	48738	2.776211	2.824948	36	34.5
18	CNVR_699	12377354	12478047	1	1			1		Gain	100694	12.377354	12.478047	36	34.5
18	CNVR_700	13303377	13371617	1	1			1		Gain	68241	13.303377	13.371617	36	34.5
18	CNVR_701	13665368	14078470	2	2		1	1		Mixed	413103	13.665368	14.07847	36	34.5
18	CNVR_702	14969884	15157858	5	5		1	4		Mixed	187975	14.969884	15.157858	36	34.5
18	CNVR_703	15491110	15821257	4	4	1	3			Loss	330148	15.49111	15.821257	36	34.5
18	CNVR_704	16771749	16803994	1	1		1			Loss	32246	16.771749	16.803994	36	34.5
18	CNVR_705	27440587	27560755	2	2		2			Loss	120169	27.440587	27.560755	36	34.5
18	CNVR_706	27726727	27759853	1	1			1		Gain	33127	27.726727	27.759853	36	34.5
18	CNVR_707	27779305	28283763	4	2			4		Gain	504459	27.779305	28.283763	36	34.5
18	CNVR_708	31931689	32028181	2	2		2			Loss	96493	31.931689	32.028181	36	34.5
18	CNVR_709	36628794	36768945	5	5		5			Loss	140152	36.628794	36.768945	36	34.5
18	CNVR_710	38681894	38749636	1	1	1				Loss	67743	38.681894	38.749636	36	34.5
18	CNVR_711	46127942	46176270	1	1			1		Gain	48329	46.127942	46.17627	36	34.5
18	CNVR_712	47977151	47994061	1	1		1			Loss	16911	47.977151	47.994061	36	34.5
18	CNVR_713	53012600	53071278	1	1			1		Gain	58679	53.0126	53.071278	36	34.5
18	CNVR_714	57057494	57106651	1	1			1		Gain	49158	57.057494	57.106651	36	34.5
18	CNVR_715	60876129	60892357	1	1			1		Gain	16229	60.876129	60.892357	36	34.5
18	CNVR_716	60943128	60951463	2	2			2		Gain	8336	60.943128	60.951463	36	34.5
18	CNVR_717	61155737	61266875	1	1			1		Gain	111139	61.155737	61.266875	36	34.5
18	CNVR_718	61330975	61495099	1	1	1				Loss	164125	61.330975	61.495099	36	34.5
18	CNVR_719	63175100	63239673	1	1			1		Gain	64574	63.1751	63.239673	36	34.5
18	CNVR_720	64353779	64377482	4	4			4		Gain	23704	64.353779	64.377482	36	34.5
18	CNVR_721	65609903	65814370	6	6			4	2	Gain	204468	65.609903	65.81437	36	34.5
19	CNVR_722	1972870	2013788	1	1		1			Loss	40919	1.97287	2.013788	33	31.5
19	CNVR_723	3194780	3219803	1	1			1		Gain	25024	3.19478	3.219803	33	31.5
19	CNVR_724	3499286	3596175	4	4		4			Loss	96890	3.499286	3.596175	33	31.5
19	CNVR_725	7539293	7633201	14	13	3	11			Loss	93909	7.539293	7.633201	33	31.5
19	CNVR_726	9613564	9753707	8	8			8		Gain	140144	9.613564	9.753707	33	31.5
19	CNVR_727	9887071	10148283	1	1		1			Loss	261213	9.887071	10.148283	33	31.5
19	CNVR_728	10196976	10227474	1	1			1		Gain	30499	10.196976	10.227474	33	31.5
19	CNVR_729	10819756	11045264	2	2			2		Gain	225509	10.819756	11.045264	33	31.5
19	CNVR_730	11112419	11346615	2	2		2			Loss	234197	11.112419	11.346615	33	31.5
19	CNVR_731	12219365	12289598	2	2			2		Gain	70234	12.219365	12.289598	33	31.5
19	CNVR_732	13678370	13749514	1	1		1			Loss	71145	13.67837	13.749514	33	31.5
19	CNVR_733	14229394	14292872	3	3	1		2		Mixed	63479	14.229394	14.292872	33	31.5
19	CNVR_734	14880730	14910992	1	1			1		Gain	30263	14.88073	14.910992	33	31.5
19	CNVR_735	17894199	17959242	2	2		2			Loss	65044	17.894199	17.959242	33	31.5
19	CNVR_736	18012136	18118339	1	1			1		Gain	106204	18.012136	18.118339	33	31.5
19	CNVR_737	21534263	21556972	1	1			1		Gain	22710	21.534263	21.556972	33	31.5
19	CNVR_738	23517073	23564582	1	1		1			Loss	47510	23.517073	23.564582	33	31.5
19	CNVR_739	24160587	24200990	1	1			1		Gain	40404	24.160587	24.20099	33	31.5
19	CNVR_740	26942729	27421507	6	5		2	3	1	Mixed	478779	26.942729	27.421507	33	31.5
19	CNVR_741	31510882	31638013	1	1		1			Loss	127132	31.510882	31.638013	33	31.5
19	CNVR_742	32754596	32871828	3	3	3				Loss	117233	32.754596	32.871828	33	31.5
19	CNVR_743	34590070	34636180	2	2	1	1			Loss	46111	34.59007	34.63618	33	31.5
19	CNVR_744	35683912	35735962	6	6		3	3		Mixed	52051	35.683912	35.735962	33	31.5
19	CNVR_745	38436540	38489966	1	1			1		Gain	53427	38.43654	38.489966	33	31.5
19	CNVR_746	41397913	41422493	1	1			1		Gain	24581	41.397913	41.422493	33	31.5
19	CNVR_747	46083610	46268549	2	2		2			Loss	184940	46.08361	46.268549	33	31.5
19	CNVR_748	46862760	47005169	1	1		1			Loss	142410	46.86276	47.005169	33	31.5
19	CNVR_749	47402508	47741795	3	3		3			Loss	339288	47.402508	47.741795	33	31.5
19	CNVR_750	49003361	49164680	1	1		1			Loss	161320	49.003361	49.16468	33	31.5
19	CNVR_751	50787009	50929851	4	4	1	2	1		Mixed	142843	50.787009	50.929851	33	31.5
19	CNVR_752	52105919	52254545	6	4		2	4		Mixed	148627	52.105919	52.254545	33	31.5
19	CNVR_753	55499960	55506254	1	1		1			Loss	6295	55.49996	55.506254	33	31.5
19	CNVR_754	55889067	55911397	1	1		1			Loss	22331	55.889067	55.911397	33	31.5
19	CNVR_755	61701944	61756520	1	1		1			Loss	54577	61.701944	61.75652	33	31.5
19	CNVR_756	62611634	62643241	8	8			8		Gain	31608	62.611634	62.643241	33	31.5
2	CNVR_63	204346	288663	2	1		2			Loss	84318	0.204346	0.288663	84	82.5
2	CNVR_64	2326560	2458209	5	5		5			Loss	131650	2.32656	2.458209	84	82.5
2	CNVR_65	7515330	8523016	9	9	8		1		Mixed	1007687	7.51533	8.523016	84	82.5
2	CNVR_66	8923646	9443359	3	3		3			Loss	519714	8.923646	9.443359	84	82.5
2	CNVR_67	9813911	13382039	24	21	13	10	1		Mixed	3568129	9.813911	13.382039	84	82.5
2	CNVR_68	13567931	13637158	1	1			1		Gain	69228	13.567931	13.637158	84	82.5
2	CNVR_69	19191623	19230960	1	1			1		Gain	39338	19.191623	19.23096	84	82.5
2	CNVR_70	19337434	19425494	2	2		2			Loss	88061	19.337434	19.425494	84	82.5
2	CNVR_71	24673731	25019765	4	4		4			Loss	346035	24.673731	25.019765	84	82.5
2	CNVR_72	25395889	25456418	2	2	1	1			Loss	60530	25.395889	25.456418	84	82.5
2	CNVR_73	26314361	26411917	10	10		8	2		Mixed	97557	26.314361	26.411917	84	82.5
2	CNVR_74	26533881	26616402	2	2		1	1		Mixed	82522	26.533881	26.616402	84	82.5
2	CNVR_75	27318294	27979992	47	24		1	46		Mixed	661699	27.318294	27.979992	84	82.5
2	CNVR_76	28138222	29743773	2	2		1	1		Mixed	1605552	28.138222	29.743773	84	82.5
2	CNVR_77	33041069	33156609	1	1		1			Loss	115541	33.041069	33.156609	84	82.5
2	CNVR_78	33210280	33237706	1	1		1			Loss	27427	33.21028	33.237706	84	82.5
2	CNVR_79	34588581	34703310	3	3		3			Loss	114730	34.588581	34.70331	84	82.5
2	CNVR_80	35747792	35793441	3	3		2	1		Mixed	45650	35.747792	35.793441	84	82.5
2	CNVR_81	36335995	36379882	4	4			4		Gain	43888	36.335995	36.379882	84	82.5
2	CNVR_82	39888509	39910074	1	1		1			Loss	21566	39.888509	39.910074	84	82.5
2	CNVR_83	41073325	41119712	1	1			1		Gain	46388	41.073325	41.119712	84	82.5
2	CNVR_84	41679485	41842234	1	1		1			Loss	162750	41.679485	41.842234	84	82.5
2	CNVR_85	41900302	42181561	1	1			1		Gain	281260	41.900302	42.181561	84	82.5
2	CNVR_86	45279148	45336061	1	1			1		Gain	56914	45.279148	45.336061	84	82.5
2	CNVR_87	48014334	48055631	2	2	1	1			Loss	41298	48.014334	48.055631	84	82.5
2	CNVR_88	50234111	50310892	1	1	1				Loss	76782	50.234111	50.310892	84	82.5
2	CNVR_89	53100190	53646984	6	6		6			Loss	546795	53.10019	53.646984	84	82.5
2	CNVR_90	55118213	58086161	10	10		6	4		Mixed	2967949	55.118213	58.086161	84	82.5
2	CNVR_91	62337521	62378856	1	1		1			Loss	41336	62.337521	62.378856	84	82.5
2	CNVR_92	63502622	63711962	51	41			51		Gain	209341	63.502622	63.711962	84	82.5
2	CNVR_93	63886842	64472720	2	1	1	1			Loss	585879	63.886842	64.47272	84	82.5
2	CNVR_94	64631090	64733422	1	1	1				Loss	102333	64.63109	64.733422	84	82.5
2	CNVR_95	66345695	69169219	2	2		1	1		Mixed	2823525	66.345695	69.169219	84	82.5
2	CNVR_96	73809585	78576254	11	10	3	1	7		Mixed	4766670	73.809585	78.576254	84	82.5
2	CNVR_97	80657530	84228252	8	8		4	4		Mixed	3570723	80.65753	84.228252	84	82.5
2	CNVR_98	91199177	91282400	1	1		1			Loss	83224	91.199177	91.2824	84	82.5
2	CNVR_99	97988530	98062823	2	2			2		Gain	74294	97.98853	98.062823	84	82.5
2	CNVR_100	108777666	108816422	1	1			1		Gain	38757	108.777666	108.816422	84	82.5
2	CNVR_101	110332803	110471585	1	1		1			Loss	138783	110.332803	110.471585	84	82.5
2	CNVR_102	112037722	112088042	1	1		1			Loss	50321	112.037722	112.088042	84	82.5
2	CNVR_103	112926020	113155761	1	1		1			Loss	229742	112.92602	113.155761	84	82.5
2	CNVR_104	114523616	114535823	5	5		5			Loss	12208	114.523616	114.535823	84	82.5
2	CNVR_105	115474795	115512459	4	4		4			Loss	37665	115.474795	115.512459	84	82.5
2	CNVR_106	119309298	119361101	2	2		2			Loss	51804	119.309298	119.361101	84	82.5
2	CNVR_107	123741216	123802863	12	12		12			Loss	61648	123.741216	123.802863	84	82.5
2	CNVR_108	129061339	129109626	2	2			2		Gain	48288	129.061339	129.109626	84	82.5
2	CNVR_109	134061066	134078189	1	1		1			Loss	17124	134.061066	134.078189	84	82.5
2	CNVR_110	135903292	136019931	1	1		1			Loss	116640	135.903292	136.019931	84	82.5
20	CNVR_757	1197732	1314256	14	8			14		Gain	116525	1.197732	1.314256	30	28.5
20	CNVR_758	1827719	1873819	1	1		1			Loss	46101	1.827719	1.873819	30	28.5
20	CNVR_759	2795101	2990892	11	11	1	4	5	1	Mixed	195792	2.795101	2.990892	30	28.5
20	CNVR_760	4442249	4487971	1	1		1			Loss	45723	4.442249	4.487971	30	28.5
20	CNVR_761	6468913	6586964	2	2		2			Loss	118052	6.468913	6.586964	30	28.5
20	CNVR_762	8742285	8771290	1	1		1			Loss	29006	8.742285	8.77129	30	28.5
20	CNVR_763	9887590	9963549	1	1	1				Loss	75960	9.88759	9.963549	30	28.5
20	CNVR_764	10328272	10500984	2	1			2		Gain	172713	10.328272	10.500984	30	28.5
20	CNVR_765	10783387	10800005	1	1		1			Loss	16619	10.783387	10.800005	30	28.5
20	CNVR_766	11409646	11453162	1	1				1	Gain	43517	11.409646	11.453162	30	28.5
20	CNVR_767	12111883	12136194	1	1			1		Gain	24312	12.111883	12.136194	30	28.5
20	CNVR_768	13653178	13677770	2	2			2		Gain	24593	13.653178	13.67777	30	28.5
20	CNVR_769	16904479	16951836	1	1		1			Loss	47358	16.904479	16.951836	30	28.5
20	CNVR_770	19517625	19626594	2	2		2			Loss	108970	19.517625	19.626594	30	28.5
20	CNVR_771	21842803	21913767	1	1		1			Loss	70965	21.842803	21.913767	30	28.5
20	CNVR_772	22209505	22213574	2	2	2				Loss	4070	22.209505	22.213574	30	28.5
20	CNVR_773	22272974	22305514	5	5		4	1		Mixed	32541	22.272974	22.305514	30	28.5
20	CNVR_774	22940301	22996991	1	1	1				Loss	56691	22.940301	22.996991	30	28.5
20	CNVR_775	23802929	23863171	1	1		1			Loss	60243	23.802929	23.863171	30	28.5
20	CNVR_776	25528151	25590025	1	1			1		Gain	61875	25.528151	25.590025	30	28.5
20	CNVR_777	29711188	29779527	1	1	1				Loss	68340	29.711188	29.779527	30	28.5
20	CNVR_778	31422941	31448781	2	2			2		Gain	25841	31.422941	31.448781	30	28.5
20	CNVR_779	33614197	33711013	2	2			2		Gain	96817	33.614197	33.711013	30	28.5
20	CNVR_780	35233378	35486670	5	5		5			Loss	253293	35.233378	35.48667	30	28.5
20	CNVR_781	36817457	37273408	2	2		2			Loss	455952	36.817457	37.273408	30	28.5
20	CNVR_782	43159533	43287639	2	2		1	1		Mixed	128107	43.159533	43.287639	30	28.5
20	CNVR_783	43773119	43882014	1	1		1			Loss	108896	43.773119	43.882014	30	28.5
20	CNVR_784	44195277	44220967	1	1			1		Gain	25691	44.195277	44.220967	30	28.5
20	CNVR_785	44992353	45148021	2	2		1	1		Mixed	155669	44.992353	45.148021	30	28.5
20	CNVR_786	45948384	46084308	4	4	1		3		Mixed	135925	45.948384	46.084308	30	28.5
20	CNVR_787	46826293	47301790	12	11		9	3		Mixed	475498	46.826293	47.30179	30	28.5
20	CNVR_788	49275867	49562973	9	9		5	4		Mixed	287107	49.275867	49.562973	30	28.5
20	CNVR_789	50292489	50297736	1	1		1			Loss	5248	50.292489	50.297736	30	28.5
20	CNVR_790	51571771	52125534	7	7		4	3		Mixed	553764	51.571771	52.125534	30	28.5
20	CNVR_791	53024269	53297742	1	1			1		Gain	273474	53.024269	53.297742	30	28.5
20	CNVR_792	53640256	53779182	1	1		1			Loss	138927	53.640256	53.779182	30	28.5
20	CNVR_793	54256478	54291088	1	1		1			Loss	34611	54.256478	54.291088	30	28.5
20	CNVR_794	54509429	54758379	3	3			3		Gain	248951	54.509429	54.758379	30	28.5
20	CNVR_795	59880963	61363846	12	12	1	8	3		Mixed	1482884	59.880963	61.363846	30	28.5
20	CNVR_796	61980304	62121001	2	2	2				Loss	140698	61.980304	62.121001	30	28.5
20	CNVR_797	67492982	67545645	1	1			1		Gain	52664	67.492982	67.545645	30	28.5
20	CNVR_798	68371234	68409410	1	1	1				Loss	38177	68.371234	68.40941	30	28.5
20	CNVR_799	69362976	69379193	1	1		1			Loss	16218	69.362976	69.379193	30	28.5
20	CNVR_800	70604423	71835589	20	20		1	19		Mixed	1231167	70.604423	71.835589	30	28.5
21	CNVR_801	29987	371968	2	2			1	1	Gain	341982	0.029987	0.371968	27	25.5
21	CNVR_802	3685123	3820824	3	3	3				Loss	135702	3.685123	3.820824	27	25.5
21	CNVR_803	12020836	12247673	3	3		3			Loss	226838	12.020836	12.247673	27	25.5
21	CNVR_804	13309827	13343949	1	1	1				Loss	34123	13.309827	13.343949	27	25.5
21	CNVR_805	17690394	17706354	1	1			1		Gain	15961	17.690394	17.706354	27	25.5
21	CNVR_806	19657415	19765895	10	10	10				Loss	108481	19.657415	19.765895	27	25.5
21	CNVR_807	20058560	20080310	1	1			1		Gain	21751	20.05856	20.08031	27	25.5
21	CNVR_808	21319480	21433856	1	1		1			Loss	114377	21.31948	21.433856	27	25.5
21	CNVR_809	22187070	22216183	1	1			1		Gain	29114	22.18707	22.216183	27	25.5
21	CNVR_810	29124387	29231528	2	1			2		Gain	107142	29.124387	29.231528	27	25.5
21	CNVR_811	30353565	30380420	1	1		1			Loss	26856	30.353565	30.38042	27	25.5
21	CNVR_812	32036695	32141178	1	1			1		Gain	104484	32.036695	32.141178	27	25.5
21	CNVR_813	32556363	32646958	2	2		1	1		Mixed	90596	32.556363	32.646958	27	25.5
21	CNVR_814	33054329	33122801	6	6		5	1		Mixed	68473	33.054329	33.122801	27	25.5
21	CNVR_815	34773019	34852830	1	1			1		Gain	79812	34.773019	34.85283	27	25.5
21	CNVR_816	37466037	39181843	6	6	1	4	1		Mixed	1715807	37.466037	39.181843	27	25.5
21	CNVR_817	41854733	41936434	2	2		2			Loss	81702	41.854733	41.936434	27	25.5
21	CNVR_818	49609843	54445195	25	21	10	10	5		Mixed	4835353	49.609843	54.445195	27	25.5
21	CNVR_819	56486641	56528040	1	1			1		Gain	41400	56.486641	56.52804	27	25.5
21	CNVR_820	56957780	56964719	2	2	2				Loss	6940	56.95778	56.964719	27	25.5
21	CNVR_821	65029870	65080143	1	1		1			Loss	50274	65.02987	65.080143	27	25.5
21	CNVR_822	65763116	65921326	1	1		1			Loss	158211	65.763116	65.921326	27	25.5
21	CNVR_823	68643064	69808854	28	24		10	17	1	Mixed	1165791	68.643064	69.808854	27	25.5
22	CNVR_824	7051424	7112947	1	1			1		Gain	61524	7.051424	7.112947	24	22.5
22	CNVR_825	9129405	9424056	2	1		2			Loss	294652	9.129405	9.424056	24	22.5
22	CNVR_826	15347292	15523954	1	1		1			Loss	176663	15.347292	15.523954	24	22.5
22	CNVR_827	16209409	16304198	1	1		1			Loss	94790	16.209409	16.304198	24	22.5
22	CNVR_828	17610020	17708467	1	1	1				Loss	98448	17.61002	17.708467	24	22.5
22	CNVR_829	27739097	27794255	1	1			1		Gain	55159	27.739097	27.794255	24	22.5
22	CNVR_830	32483637	32513622	2	2			2		Gain	29986	32.483637	32.513622	24	22.5
22	CNVR_831	33968386	34051582	2	2	1	1			Loss	83197	33.968386	34.051582	24	22.5
22	CNVR_832	34408419	34473365	3	3		3			Loss	64947	34.408419	34.473365	24	22.5
22	CNVR_833	48156339	48290928	4	4		4			Loss	134590	48.156339	48.290928	24	22.5
22	CNVR_834	48907762	49184065	2	1			2		Gain	276304	48.907762	49.184065	24	22.5
22	CNVR_835	56788186	56811695	1	1	1				Loss	23510	56.788186	56.811695	24	22.5
22	CNVR_836	58236823	59004418	4	4		1	3		Mixed	767596	58.236823	59.004418	24	22.5
22	CNVR_837	59386439	59499648	4	4		3	1		Mixed	113210	59.386439	59.499648	24	22.5
22	CNVR_838	59789766	60710593	5	5		1	4		Mixed	920828	59.789766	60.710593	24	22.5
23	CNVR_839	591944	713131	1	1	1				Loss	121188	0.591944	0.713131	21	19.5
23	CNVR_840	11303403	11415970	1	1		1			Loss	112568	11.303403	11.41597	21	19.5
23	CNVR_841	14835189	14866127	1	1			1		Gain	30939	14.835189	14.866127	21	19.5
23	CNVR_842	16521600	16640000	2	2			2		Gain	118401	16.5216	16.64	21	19.5
23	CNVR_843	21508598	21560621	3	3		3			Loss	52024	21.508598	21.560621	21	19.5
23	CNVR_844	24836032	24892466	1	1			1		Gain	56435	24.836032	24.892466	21	19.5
23	CNVR_845	25560755	25730370	126	103	66	23	34	3	Mixed	169616	25.560755	25.73037	21	19.5
23	CNVR_846	25929681	26556968	5	5	5				Loss	627288	25.929681	26.556968	21	19.5
23	CNVR_847	26634448	26948249	11	11	6	3	2		Mixed	313802	26.634448	26.948249	21	19.5
23	CNVR_848	27494111	27795168	1	1			1		Gain	301058	27.494111	27.795168	21	19.5
23	CNVR_849	27998654	28085043	17	17			17		Gain	86390	27.998654	28.085043	21	19.5
23	CNVR_850	28501615	28560191	1	1	1				Loss	58577	28.501615	28.560191	21	19.5
23	CNVR_851	29055109	29075438	2	2			2		Gain	20330	29.055109	29.075438	21	19.5
23	CNVR_852	29108839	29325564	8	7	5	1	2		Mixed	216726	29.108839	29.325564	21	19.5
23	CNVR_853	30735048	30830954	2	2			2		Gain	95907	30.735048	30.830954	21	19.5
23	CNVR_854	30946459	30992726	1	1			1		Gain	46268	30.946459	30.992726	21	19.5
23	CNVR_855	31580954	31945721	8	6			6	2	Gain	364768	31.580954	31.945721	21	19.5
23	CNVR_856	35765336	35833673	3	3			3		Gain	68338	35.765336	35.833673	21	19.5
23	CNVR_857	39432260	39464065	1	1			1		Gain	31806	39.43226	39.464065	21	19.5
23	CNVR_858	43199690	43271085	4	4		3	1		Mixed	71396	43.19969	43.271085	21	19.5
24	CNVR_859	3251225	3263755	1	1			1		Gain	12531	3.251225	3.263755	18	16.5
24	CNVR_860	5410837	5475046	1	1		1			Loss	64210	5.410837	5.475046	18	16.5
24	CNVR_861	9887108	10004070	3	2			3		Gain	116963	9.887108	10.00407	18	16.5
24	CNVR_862	11323276	11424841	1	1			1		Gain	101566	11.323276	11.424841	18	16.5
24	CNVR_863	12855197	13028152	8	8	7		1		Mixed	172956	12.855197	13.028152	18	16.5
24	CNVR_864	13157934	13199115	1	1		1			Loss	41182	13.157934	13.199115	18	16.5
24	CNVR_865	16546106	16592238	6	6		6			Loss	46133	16.546106	16.592238	18	16.5
24	CNVR_866	20757957	20803435	1	1		1			Loss	45479	20.757957	20.803435	18	16.5
24	CNVR_867	24293597	24332155	2	2		2			Loss	38559	24.293597	24.332155	18	16.5
24	CNVR_868	26069138	29019019	24	20	2	15	6	1	Mixed	2949882	26.069138	29.019019	18	16.5
24	CNVR_869	38270530	38309166	1	1			1		Gain	38637	38.27053	38.309166	18	16.5
24	CNVR_870	41383914	41529798	2	2		2			Loss	145885	41.383914	41.529798	18	16.5
24	CNVR_871	42101316	42170842	2	2		2			Loss	69527	42.101316	42.170842	18	16.5
24	CNVR_872	43657134	43754506	2	2	1	1			Loss	97373	43.657134	43.754506	18	16.5
24	CNVR_873	49057452	49089270	1	1		1			Loss	31819	49.057452	49.08927	18	16.5
24	CNVR_874	50413316	50464102	1	1		1			Loss	50787	50.413316	50.464102	18	16.5
24	CNVR_875	51887107	51918535	2	2	2				Loss	31429	51.887107	51.918535	18	16.5
24	CNVR_876	53687442	53742189	1	1			1		Gain	54748	53.687442	53.742189	18	16.5
24	CNVR_877	57893434	57927929	1	1	1				Loss	34496	57.893434	57.927929	18	16.5
24	CNVR_878	59955268	59990135	2	1			2		Gain	34868	59.955268	59.990135	18	16.5
25	CNVR_879	208098	1769456	24	22		6	17	1	Mixed	1561359	0.208098	1.769456	15	13.5
25	CNVR_880	2337264	2422717	2	2			2		Gain	85454	2.337264	2.422717	15	13.5
25	CNVR_881	9559212	9628737	6	4			6		Gain	69526	9.559212	9.628737	15	13.5
25	CNVR_882	10046944	10097205	3	3	1	2			Loss	50262	10.046944	10.097205	15	13.5
25	CNVR_883	13475146	13533742	1	1		1			Loss	58597	13.475146	13.533742	15	13.5
25	CNVR_884	16449087	16538323	4	4		3	1		Mixed	89237	16.449087	16.538323	15	13.5
25	CNVR_885	17246991	17275840	1	1	1				Loss	28850	17.246991	17.27584	15	13.5
25	CNVR_886	35847022	36012574	2	1			2		Gain	165553	35.847022	36.012574	15	13.5
25	CNVR_887	36067948	36088574	1	1			1		Gain	20627	36.067948	36.088574	15	13.5
25	CNVR_888	39845396	39893062	1	1		1			Loss	47667	39.845396	39.893062	15	13.5
25	CNVR_889	40583579	42056885	14	11	1	5	8		Mixed	1473307	40.583579	42.056885	15	13.5
26	CNVR_890	2404154	2441939	1	1		1			Loss	37786	2.404154	2.441939	12	10.5
26	CNVR_891	2969887	3026509	1	1	1				Loss	56623	2.969887	3.026509	12	10.5
26	CNVR_892	3629605	3703194	1	1	1				Loss	73590	3.629605	3.703194	12	10.5
26	CNVR_893	4672743	4825731	3	3		2	1		Mixed	152989	4.672743	4.825731	12	10.5
26	CNVR_894	11301013	11410969	1	1			1		Gain	109957	11.301013	11.410969	12	10.5
26	CNVR_895	13723590	13779378	1	1			1		Gain	55789	13.72359	13.779378	12	10.5
26	CNVR_896	15995830	16012895	7	7		7			Loss	17066	15.99583	16.012895	12	10.5
26	CNVR_897	17667270	17714604	1	1			1		Gain	47335	17.66727	17.714604	12	10.5
26	CNVR_898	21840164	21919481	2	2	2				Loss	79318	21.840164	21.919481	12	10.5
26	CNVR_899	22144981	22386818	1	1		1			Loss	241838	22.144981	22.386818	12	10.5
26	CNVR_900	25470807	25532406	4	4	4				Loss	61600	25.470807	25.532406	12	10.5
26	CNVR_901	27737887	27804094	3	3	3				Loss	66208	27.737887	27.804094	12	10.5
26	CNVR_902	28385806	28572377	7	6	2	5			Loss	186572	28.385806	28.572377	12	10.5
26	CNVR_903	30679250	30703028	1	1		1			Loss	23779	30.67925	30.703028	12	10.5
26	CNVR_904	32977874	33046991	1	1		1			Loss	69118	32.977874	33.046991	12	10.5
26	CNVR_905	35555953	35700362	3	3			3		Gain	144410	35.555953	35.700362	12	10.5
26	CNVR_906	35829748	35904911	1	1			1		Gain	75164	35.829748	35.904911	12	10.5
26	CNVR_907	47838401	47896501	2	2		2			Loss	58101	47.838401	47.896501	12	10.5
26	CNVR_908	50637350	51091399	16	14		1	15		Mixed	454050	50.63735	51.091399	12	10.5
26	CNVR_909	51488076	51659347	1	1			1		Gain	171272	51.488076	51.659347	12	10.5
27	CNVR_910	3357687	3431190	1	1	1				Loss	73504	3.357687	3.43119	9	7.5
27	CNVR_911	7940961	8009249	1	1	1				Loss	68289	7.940961	8.009249	9	7.5
27	CNVR_912	9173141	13392895	29	26		18	8	3	Mixed	4219755	9.173141	13.392895	9	7.5
27	CNVR_913	16390789	19160261	4	4		3	1		Mixed	2769473	16.390789	19.160261	9	7.5
27	CNVR_914	20207643	23270710	3	3		1	2		Mixed	3063068	20.207643	23.27071	9	7.5
27	CNVR_915	23542996	23627544	1	1		1			Loss	84549	23.542996	23.627544	9	7.5
27	CNVR_916	27374693	32180839	4	4		3	1		Mixed	4806147	27.374693	32.180839	9	7.5
27	CNVR_917	34176183	34272250	1	1		1			Loss	96068	34.176183	34.27225	9	7.5
27	CNVR_918	34335782	34422117	1	1		1			Loss	86336	34.335782	34.422117	9	7.5
27	CNVR_919	41219117	41235779	1	1		1			Loss	16663	41.219117	41.235779	9	7.5
27	CNVR_920	43859630	43910265	2	2		2			Loss	50636	43.85963	43.910265	9	7.5
27	CNVR_921	45338225	45500252	2	1			2		Gain	162028	45.338225	45.500252	9	7.5
28	CNVR_922	27751	466053	223	173	148	23	34	18	Mixed	438303	0.027751	0.466053	6	4.5
28	CNVR_923	2101546	2141009	1	1		1			Loss	39464	2.101546	2.141009	6	4.5
28	CNVR_924	3778869	3789749	2	2			2		Gain	10881	3.778869	3.789749	6	4.5
28	CNVR_925	7978983	8204918	4	3		4			Loss	225936	7.978983	8.204918	6	4.5
28	CNVR_926	8481056	8554468	1	1		1			Loss	73413	8.481056	8.554468	6	4.5
28	CNVR_927	9798692	12499570	3	3		1	2		Mixed	2700879	9.798692	12.49957	6	4.5
28	CNVR_928	18916753	19430612	1	1		1			Loss	513860	18.916753	19.430612	6	4.5
28	CNVR_929	19507984	19563947	5	5		5			Loss	55964	19.507984	19.563947	6	4.5
28	CNVR_930	20251683	24082828	9	9		6	3		Mixed	3831146	20.251683	24.082828	6	4.5
28	CNVR_931	24340626	25229809	13	12	1	9	3		Mixed	889184	24.340626	25.229809	6	4.5
28	CNVR_932	28501081	29240599	3	3		3			Loss	739519	28.501081	29.240599	6	4.5
28	CNVR_933	29872623	30439777	1	1		1			Loss	567155	29.872623	30.439777	6	4.5
28	CNVR_934	34488152	34503680	1	1			1		Gain	15529	34.488152	34.50368	6	4.5
28	CNVR_935	34851742	34875430	2	2		1	1		Mixed	23689	34.851742	34.87543	6	4.5
28	CNVR_936	35979341	36059676	1	1	1				Loss	80336	35.979341	36.059676	6	4.5
28	CNVR_937	44038721	44071166	3	3		3			Loss	32446	44.038721	44.071166	6	4.5
28	CNVR_938	44584170	44615642	1	1			1		Gain	31473	44.58417	44.615642	6	4.5
29	CNVR_939	9400987	9599143	2	2		1	1		Mixed	198157	9.400987	9.599143	3	1.5
29	CNVR_940	12454354	12480062	1	1			1		Gain	25709	12.454354	12.480062	3	1.5
29	CNVR_941	12993313	15683108	3	3	1	1	1		Mixed	2689796	12.993313	15.683108	3	1.5
29	CNVR_942	16816497	16846552	1	1		1			Loss	30056	16.816497	16.846552	3	1.5
29	CNVR_943	19098109	21974417	20	17	4	15	1		Mixed	2876309	19.098109	21.974417	3	1.5
29	CNVR_944	29740161	29758973	3	3		3			Loss	18813	29.740161	29.758973	3	1.5
29	CNVR_945	30869036	30984935	8	8		8			Loss	115900	30.869036	30.984935	3	1.5
29	CNVR_946	33487878	33541339	2	2		2			Loss	53462	33.487878	33.541339	3	1.5
29	CNVR_947	35954618	35999607	1	1	1				Loss	44990	35.954618	35.999607	3	1.5
29	CNVR_948	38641995	38693679	1	1			1		Gain	51685	38.641995	38.693679	3	1.5
29	CNVR_949	43306962	43329844	1	1			1		Gain	22883	43.306962	43.329844	3	1.5
29	CNVR_950	45417677	45478834	2	2		2			Loss	61158	45.417677	45.478834	3	1.5
29	CNVR_951	46047863	46178866	6	5			6		Gain	131004	46.047863	46.178866	3	1.5
29	CNVR_952	46949252	47013097	1	1	1				Loss	63846	46.949252	47.013097	3	1.5
29	CNVR_953	47269242	47447458	1	1			1		Gain	178217	47.269242	47.447458	3	1.5
29	CNVR_954	48646742	51072873	10	9			10		Gain	2426132	48.646742	51.072873	3	1.5
3	CNVR_111	397758	454705	1	1			1		Gain	56948	0.397758	0.454705	81	79.5
3	CNVR_112	589618	778196	1	1		1			Loss	188579	0.589618	0.778196	81	79.5
3	CNVR_113	9737010	9759429	1	1		1			Loss	22420	9.73701	9.759429	81	79.5
3	CNVR_114	10881628	10946349	3	3	2	1			Loss	64722	10.881628	10.946349	81	79.5
3	CNVR_115	16760836	16820503	2	2		2			Loss	59668	16.760836	16.820503	81	79.5
3	CNVR_116	20706978	20756370	1	1			1		Gain	49393	20.706978	20.75637	81	79.5
3	CNVR_117	28845503	28971745	1	1		1			Loss	126243	28.845503	28.971745	81	79.5
3	CNVR_118	30350337	30396757	10	10	1	7	2		Mixed	46421	30.350337	30.396757	81	79.5
3	CNVR_119	31593802	31653812	1	1			1		Gain	60011	31.593802	31.653812	81	79.5
3	CNVR_120	32754242	32767893	1	1	1				Loss	13652	32.754242	32.767893	81	79.5
3	CNVR_121	34307747	34387819	1	1		1			Loss	80073	34.307747	34.387819	81	79.5
3	CNVR_122	37054466	41843499	17	16		15	2		Mixed	4789034	37.054466	41.843499	81	79.5
3	CNVR_123	42917941	43378710	3	3		3			Loss	460770	42.917941	43.37871	81	79.5
3	CNVR_124	51989581	52054929	1	1			1		Gain	65349	51.989581	52.054929	81	79.5
3	CNVR_125	52255164	52399331	7	7		7			Loss	144168	52.255164	52.399331	81	79.5
3	CNVR_126	54188660	54909666	61	32		5	47	9	Mixed	721007	54.18866	54.909666	81	79.5
3	CNVR_127	55075515	55124223	1	1			1		Gain	48709	55.075515	55.124223	81	79.5
3	CNVR_128	56635728	56711353	1	1		1			Loss	75626	56.635728	56.711353	81	79.5
3	CNVR_129	58919048	58938248	2	2			2		Gain	19201	58.919048	58.938248	81	79.5
3	CNVR_130	66958835	67092920	1	1		1			Loss	134086	66.958835	67.09292	81	79.5
3	CNVR_131	67184325	67218474	1	1	1				Loss	34150	67.184325	67.218474	81	79.5
3	CNVR_132	68133029	68172039	2	2		2			Loss	39011	68.133029	68.172039	81	79.5
3	CNVR_133	68994261	69057163	1	1		1			Loss	62903	68.994261	69.057163	81	79.5
3	CNVR_134	69516299	74015041	6	6		4	2		Mixed	4498743	69.516299	74.015041	81	79.5
3	CNVR_135	74880847	75012952	1	1		1			Loss	132106	74.880847	75.012952	81	79.5
3	CNVR_136	76432417	76452556	1	1			1		Gain	20140	76.432417	76.452556	81	79.5
3	CNVR_137	80613458	80672772	1	1			1		Gain	59315	80.613458	80.672772	81	79.5
3	CNVR_138	90468808	90478848	1	1		1			Loss	10041	90.468808	90.478848	81	79.5
3	CNVR_139	94818813	95038877	11	11		11			Loss	220065	94.818813	95.038877	81	79.5
3	CNVR_140	100277178	100601230	4	4			4		Gain	324053	100.277178	100.60123	81	79.5
3	CNVR_141	105906709	105941874	3	3		3			Loss	35166	105.906709	105.941874	81	79.5
3	CNVR_142	109750764	110033765	2	2		2			Loss	283002	109.750764	110.033765	81	79.5
3	CNVR_143	110225003	110438534	1	1		1			Loss	213532	110.225003	110.438534	81	79.5
3	CNVR_144	116992159	117042174	1	1	1				Loss	50016	116.992159	117.042174	81	79.5
3	CNVR_145	119893611	120957517	8	8			8		Gain	1063907	119.893611	120.957517	81	79.5
4	CNVR_146	190991	4229759	11	7		1	10		Mixed	4038769	0.190991	4.229759	78	76.5
4	CNVR_147	5815841	5868189	3	3		1	2		Mixed	52349	5.815841	5.868189	78	76.5
4	CNVR_148	6305048	6534219	84	45			84		Gain	229172	6.305048	6.534219	78	76.5
4	CNVR_149	7372107	7455891	1	1		1			Loss	83785	7.372107	7.455891	78	76.5
4	CNVR_150	7803131	7906401	10	10		9	1		Mixed	103271	7.803131	7.906401	78	76.5
4	CNVR_151	9251599	9477621	1	1		1			Loss	226023	9.251599	9.477621	78	76.5
4	CNVR_152	9623951	9706609	2	2		2			Loss	82659	9.623951	9.706609	78	76.5
4	CNVR_153	10554466	10785247	1	1		1			Loss	230782	10.554466	10.785247	78	76.5
4	CNVR_154	16324078	18883420	27	25	1	21	5		Mixed	2559343	16.324078	18.88342	78	76.5
4	CNVR_155	20430208	20477053	2	2		2			Loss	46846	20.430208	20.477053	78	76.5
4	CNVR_156	22417069	22476432	1	1		1			Loss	59364	22.417069	22.476432	78	76.5
4	CNVR_157	22702596	22763246	1	1	1				Loss	60651	22.702596	22.763246	78	76.5
4	CNVR_158	23905307	23939782	1	1			1		Gain	34476	23.905307	23.939782	78	76.5
4	CNVR_159	24769941	24787234	3	3		3			Loss	17294	24.769941	24.787234	78	76.5
4	CNVR_160	38458460	38499800	1	1			1		Gain	41341	38.45846	38.4998	78	76.5
4	CNVR_161	41346098	41419880	1	1		1			Loss	73783	41.346098	41.41988	78	76.5
4	CNVR_162	43528807	43588911	1	1			1		Gain	60105	43.528807	43.588911	78	76.5
4	CNVR_163	45400553	45479387	3	2	1	2			Loss	78835	45.400553	45.479387	78	76.5
4	CNVR_164	46212366	46311240	1	1		1			Loss	98875	46.212366	46.31124	78	76.5
4	CNVR_165	48408851	48591927	4	4		4			Loss	183077	48.408851	48.591927	78	76.5
4	CNVR_166	50042121	50170138	1	1			1		Gain	128018	50.042121	50.170138	78	76.5
4	CNVR_167	54019025	54278625	3	3		3			Loss	259601	54.019025	54.278625	78	76.5
4	CNVR_168	58226979	59276289	3	3		2	1		Mixed	1049311	58.226979	59.276289	78	76.5
4	CNVR_169	59421575	59566132	6	3			6		Gain	144558	59.421575	59.566132	78	76.5
4	CNVR_170	62197348	62228844	1	1			1		Gain	31497	62.197348	62.228844	78	76.5
4	CNVR_171	64864017	64895434	1	1	1				Loss	31418	64.864017	64.895434	78	76.5
4	CNVR_172	65991776	66576959	71	38		1	70		Mixed	585184	65.991776	66.576959	78	76.5
4	CNVR_173	66753486	66803742	2	2		2			Loss	50257	66.753486	66.803742	78	76.5
4	CNVR_174	68465623	68705234	2	2		1	1		Mixed	239612	68.465623	68.705234	78	76.5
4	CNVR_175	71900384	72048949	11	9		10	1		Mixed	148566	71.900384	72.048949	78	76.5
4	CNVR_176	73129045	73288742	41	39	4	37			Loss	159698	73.129045	73.288742	78	76.5
4	CNVR_177	73487044	73571440	1	1			1		Gain	84397	73.487044	73.57144	78	76.5
4	CNVR_178	73907386	74003192	2	2			2		Gain	95807	73.907386	74.003192	78	76.5
4	CNVR_179	74657252	74678087	1	1			1		Gain	20836	74.657252	74.678087	78	76.5
4	CNVR_180	75223728	75278775	1	1		1			Loss	55048	75.223728	75.278775	78	76.5
4	CNVR_181	76717317	76815010	1	1		1			Loss	97694	76.717317	76.81501	78	76.5
4	CNVR_182	77973448	78071301	1	1			1		Gain	97854	77.973448	78.071301	78	76.5
4	CNVR_183	82654929	82750158	2	2			2		Gain	95230	82.654929	82.750158	78	76.5
4	CNVR_184	82887750	85232259	14	12	1	3	10		Mixed	2344510	82.88775	85.232259	78	76.5
4	CNVR_185	90431047	90468283	2	2		2			Loss	37237	90.431047	90.468283	78	76.5
4	CNVR_186	92050350	92129716	1	1			1		Gain	79367	92.05035	92.129716	78	76.5
4	CNVR_187	95067685	95166666	2	2		2			Loss	98982	95.067685	95.166666	78	76.5
4	CNVR_188	96998183	97277561	1	1				1	Gain	279379	96.998183	97.277561	78	76.5
4	CNVR_189	105149433	105304020	6	5			6		Gain	154588	105.149433	105.30402	78	76.5
4	CNVR_190	106108030	106133947	3	3			3		Gain	25918	106.10803	106.133947	78	76.5
4	CNVR_191	106422540	106435387	2	2			2		Gain	12848	106.42254	106.435387	78	76.5
4	CNVR_192	109506472	109533204	1	1			1		Gain	26733	109.506472	109.533204	78	76.5
4	CNVR_193	112837075	113089385	12	9			12		Gain	252311	112.837075	113.089385	78	76.5
4	CNVR_194	115362693	115381846	2	2			2		Gain	19154	115.362693	115.381846	78	76.5
4	CNVR_195	117362940	117480000	1	1			1		Gain	117061	117.36294	117.48	78	76.5
5	CNVR_196	1481839	1533449	1	1		1			Loss	51611	1.481839	1.533449	75	73.5
5	CNVR_197	1765747	4134063	1	1			1		Gain	2368317	1.765747	4.134063	75	73.5
5	CNVR_198	7739220	8971047	2	2			2		Gain	1231828	7.73922	8.971047	75	73.5
5	CNVR_199	11370216	11551233	1	1		1			Loss	181018	11.370216	11.551233	75	73.5
5	CNVR_200	14819458	14878496	2	2		2			Loss	59039	14.819458	14.878496	75	73.5
5	CNVR_201	27040938	27114028	2	1			2		Gain	73091	27.040938	27.114028	75	73.5
5	CNVR_202	27670995	27685526	1	1			1		Gain	14532	27.670995	27.685526	75	73.5
5	CNVR_203	29594972	29606401	1	1			1		Gain	11430	29.594972	29.606401	75	73.5
5	CNVR_204	37375959	37429685	1	1	1				Loss	53727	37.375959	37.429685	75	73.5
5	CNVR_205	40559187	40689866	1	1		1			Loss	130680	40.559187	40.689866	75	73.5
5	CNVR_206	41337074	41390342	2	2	2				Loss	53269	41.337074	41.390342	75	73.5
5	CNVR_207	41739940	41856142	1	1		1			Loss	116203	41.73994	41.856142	75	73.5
5	CNVR_208	41950245	42010622	4	4	4				Loss	60378	41.950245	42.010622	75	73.5
5	CNVR_209	49769854	49803392	1	1		1			Loss	33539	49.769854	49.803392	75	73.5
5	CNVR_210	50066009	50182992	1	1		1			Loss	116984	50.066009	50.182992	75	73.5
5	CNVR_211	50956526	51204033	6	6		3	3		Mixed	247508	50.956526	51.204033	75	73.5
5	CNVR_212	51397786	55263686	11	10		5	6		Mixed	3865901	51.397786	55.263686	75	73.5
5	CNVR_213	56035754	56081838	1	1		1			Loss	46085	56.035754	56.081838	75	73.5
5	CNVR_214	57723436	59953158	8	7		6	2		Mixed	2229723	57.723436	59.953158	75	73.5
5	CNVR_215	64116108	64230589	1	1		1			Loss	114482	64.116108	64.230589	75	73.5
5	CNVR_216	87897883	87923946	2	1		2			Loss	26064	87.897883	87.923946	75	73.5
5	CNVR_217	89124173	93490294	24	24		15	9		Mixed	4366122	89.124173	93.490294	75	73.5
5	CNVR_218	93611048	93661305	1	1			1		Gain	50258	93.611048	93.661305	75	73.5
5	CNVR_219	95376929	95494887	7	7		1	4	2	Mixed	117959	95.376929	95.494887	75	73.5
5	CNVR_220	97624572	97673415	1	1		1			Loss	48844	97.624572	97.673415	75	73.5
5	CNVR_221	100100898	100409257	2	2			1	1	Gain	308360	100.100898	100.409257	75	73.5
5	CNVR_222	101977430	102029541	11	11		1	10		Mixed	52112	101.97743	102.029541	75	73.5
5	CNVR_223	102317408	102463152	1	1		1			Loss	145745	102.317408	102.463152	75	73.5
5	CNVR_224	102630827	103186163	9	8	7		2		Mixed	555337	102.630827	103.186163	75	73.5
5	CNVR_225	106022933	106090114	1	1		1			Loss	67182	106.022933	106.090114	75	73.5
5	CNVR_226	106990076	107114180	1	1			1		Gain	124105	106.990076	107.11418	75	73.5
5	CNVR_227	109783129	109801761	1	1			1		Gain	18633	109.783129	109.801761	75	73.5
5	CNVR_228	111781297	111914115	2	2		2			Loss	132819	111.781297	111.914115	75	73.5
5	CNVR_229	113908560	113929923	1	1			1		Gain	21364	113.90856	113.929923	75	73.5
5	CNVR_230	114595880	114640633	5	5			5		Gain	44754	114.59588	114.640633	75	73.5
5	CNVR_231	115346239	115381438	1	1		1			Loss	35200	115.346239	115.381438	75	73.5
5	CNVR_232	116466547	116483271	2	2			2		Gain	16725	116.466547	116.483271	75	73.5
5	CNVR_233	116828442	116894325	1	1		1			Loss	65884	116.828442	116.894325	75	73.5
5	CNVR_234	117061847	117365223	2	2		1	1		Mixed	303377	117.061847	117.365223	75	73.5
5	CNVR_235	118094837	120071585	70	58	22	34	13	1	Mixed	1976749	118.094837	120.071585	75	73.5
6	CNVR_236	377725	481936	4	4			4		Gain	104212	0.377725	0.481936	72	70.5
6	CNVR_237	898495	929478	1	1		1			Loss	30984	0.898495	0.929478	72	70.5
6	CNVR_238	1078984	1117703	1	1	1				Loss	38720	1.078984	1.117703	72	70.5
6	CNVR_239	3348603	3447118	1	1			1		Gain	98516	3.348603	3.447118	72	70.5
6	CNVR_240	4884823	4907277	1	1			1		Gain	22455	4.884823	4.907277	72	70.5
6	CNVR_241	7474743	10768087	22	16		16	6		Mixed	3293345	7.474743	10.768087	72	70.5
6	CNVR_242	11131845	11247607	6	3		6			Loss	115763	11.131845	11.247607	72	70.5
6	CNVR_243	13669075	14620918	1	1			1		Gain	951844	13.669075	14.620918	72	70.5
6	CNVR_244	18364684	18413478	1	1			1		Gain	48795	18.364684	18.413478	72	70.5
6	CNVR_245	18917943	18955466	2	2	1		1		Mixed	37524	18.917943	18.955466	72	70.5
6	CNVR_246	23673373	23807252	7	6		7			Loss	133880	23.673373	23.807252	72	70.5
6	CNVR_247	25987389	26013592	1	1	1				Loss	26204	25.987389	26.013592	72	70.5
6	CNVR_248	27204121	27311786	1	1			1		Gain	107666	27.204121	27.311786	72	70.5
6	CNVR_249	27672686	27932016	9	8	1	8			Loss	259331	27.672686	27.932016	72	70.5
6	CNVR_250	30915027	35042532	7	7	1	4	2		Mixed	4127506	30.915027	35.042532	72	70.5
6	CNVR_251	35810085	35868374	1	1		1			Loss	58290	35.810085	35.868374	72	70.5
6	CNVR_252	36458311	36466733	2	2	2				Loss	8423	36.458311	36.466733	72	70.5
6	CNVR_253	36535012	36551432	9	8		9			Loss	16421	36.535012	36.551432	72	70.5
6	CNVR_254	37136794	37145522	2	2			2		Gain	8729	37.136794	37.145522	72	70.5
6	CNVR_255	37328528	37384980	2	2			2		Gain	56453	37.328528	37.38498	72	70.5
6	CNVR_256	37403224	37536990	3	3		1	2		Mixed	133767	37.403224	37.53699	72	70.5
6	CNVR_257	37819224	37860407	2	1			2		Gain	41184	37.819224	37.860407	72	70.5
6	CNVR_258	38042337	38046850	1	1	1				Loss	4514	38.042337	38.04685	72	70.5
6	CNVR_259	39652421	39825526	1	1		1			Loss	173106	39.652421	39.825526	72	70.5
6	CNVR_260	47202455	49915071	5	5		1	4		Mixed	2712617	47.202455	49.915071	72	70.5
6	CNVR_261	51955052	52193551	3	2		3			Loss	238500	51.955052	52.193551	72	70.5
6	CNVR_262	52267908	52320441	4	4		3	1		Mixed	52534	52.267908	52.320441	72	70.5
6	CNVR_263	53621155	53661568	1	1		1			Loss	40414	53.621155	53.661568	72	70.5
6	CNVR_264	54185052	54243442	5	5		2	3		Mixed	58391	54.185052	54.243442	72	70.5
6	CNVR_265	54520169	54741260	6	6		5	1		Mixed	221092	54.520169	54.74126	72	70.5
6	CNVR_266	54895952	54952310	1	1		1			Loss	56359	54.895952	54.95231	72	70.5
6	CNVR_267	55123673	55172459	1	1		1			Loss	48787	55.123673	55.172459	72	70.5
6	CNVR_268	55277164	55675135	6	6		4	1	1	Mixed	397972	55.277164	55.675135	72	70.5
6	CNVR_269	58726504	59015036	1	1		1			Loss	288533	58.726504	59.015036	72	70.5
6	CNVR_270	61752222	66011429	7	7		4	3		Mixed	4259208	61.752222	66.011429	72	70.5
6	CNVR_271	67471713	67537362	2	2		2			Loss	65650	67.471713	67.537362	72	70.5
6	CNVR_272	69259921	69291161	2	2	2				Loss	31241	69.259921	69.291161	72	70.5
6	CNVR_273	74055110	74326833	1	1			1		Gain	271724	74.05511	74.326833	72	70.5
6	CNVR_274	75035526	75136430	2	2			2		Gain	100905	75.035526	75.13643	72	70.5
6	CNVR_275	75576260	76179944	10	10		10			Loss	603685	75.57626	76.179944	72	70.5
6	CNVR_276	77611108	77764419	2	2		2			Loss	153312	77.611108	77.764419	72	70.5
6	CNVR_277	78066538	78137497	1	1			1		Gain	70960	78.066538	78.137497	72	70.5
6	CNVR_278	78200335	78594363	7	7		3	4		Mixed	394029	78.200335	78.594363	72	70.5
6	CNVR_279	78934676	78963886	4	4		4			Loss	29211	78.934676	78.963886	72	70.5
6	CNVR_280	79138335	80077784	11	11		6	4	1	Mixed	939450	79.138335	80.077784	72	70.5
6	CNVR_281	80296438	80425423	1	1		1			Loss	128986	80.296438	80.425423	72	70.5
6	CNVR_282	81960519	81996207	1	1		1			Loss	35689	81.960519	81.996207	72	70.5
6	CNVR_283	82283005	82474111	1	1		1			Loss	191107	82.283005	82.474111	72	70.5
6	CNVR_284	82895900	83003450	8	8		8			Loss	107551	82.8959	83.00345	72	70.5
6	CNVR_285	84203997	84480999	56	56	52	3	1		Mixed	277003	84.203997	84.480999	72	70.5
6	CNVR_286	84734130	84847352	2	2			2		Gain	113223	84.73413	84.847352	72	70.5
6	CNVR_287	85029289	85059442	1	1		1			Loss	30154	85.029289	85.059442	72	70.5
6	CNVR_288	89886763	89911008	1	1			1		Gain	24246	89.886763	89.911008	72	70.5
6	CNVR_289	90459046	90505918	1	1			1		Gain	46873	90.459046	90.505918	72	70.5
6	CNVR_290	94886288	95756736	5	5	1	3	1		Mixed	870449	94.886288	95.756736	72	70.5
6	CNVR_291	102542717	102646839	2	1			2		Gain	104123	102.542717	102.646839	72	70.5
6	CNVR_292	110933133	110970971	1	1	1				Loss	37839	110.933133	110.970971	72	70.5
6	CNVR_293	113734699	113753509	1	1			1		Gain	18811	113.734699	113.753509	72	70.5
6	CNVR_294	113950763	115559907	9	8		3	5	1	Mixed	1609145	113.950763	115.559907	72	70.5
6	CNVR_295	116502046	116604041	1	1			1		Gain	101996	116.502046	116.604041	72	70.5
6	CNVR_296	116669816	117767753	9	8		4	4	1	Mixed	1097938	116.669816	117.767753	72	70.5
7	CNVR_297	302318	435584	105	81	46	42	17		Mixed	133267	0.302318	0.435584	69	67.5
7	CNVR_298	1080046	1085828	2	2		2			Loss	5783	1.080046	1.085828	69	67.5
7	CNVR_299	8512784	10694692	112	47	2	5	105		Mixed	2181909	8.512784	10.694692	69	67.5
7	CNVR_300	13697805	13734002	1	1			1		Gain	36198	13.697805	13.734002	69	67.5
7	CNVR_301	14032208	14079651	2	2		2			Loss	47444	14.032208	14.079651	69	67.5
7	CNVR_302	19895604	19964975	1	1			1		Gain	69372	19.895604	19.964975	69	67.5
7	CNVR_303	21593442	21869803	4	3		4			Loss	276362	21.593442	21.869803	69	67.5
7	CNVR_304	21927815	21963795	1	1			1		Gain	35981	21.927815	21.963795	69	67.5
7	CNVR_305	21972718	22003609	1	1			1		Gain	30892	21.972718	22.003609	69	67.5
7	CNVR_306	22007584	22028121	2	2			1	1	Gain	20538	22.007584	22.028121	69	67.5
7	CNVR_307	22521430	23489956	4	3		4			Loss	968527	22.52143	23.489956	69	67.5
7	CNVR_308	23726597	23741599	7	7			7		Gain	15003	23.726597	23.741599	69	67.5
7	CNVR_309	23777525	23909364	1	1		1			Loss	131840	23.777525	23.909364	69	67.5
7	CNVR_310	27125730	27164197	2	2		2			Loss	38468	27.12573	27.164197	69	67.5
7	CNVR_311	27289094	27323816	2	2			2		Gain	34723	27.289094	27.323816	69	67.5
7	CNVR_312	28207278	28329677	5	4	5				Loss	122400	28.207278	28.329677	69	67.5
7	CNVR_313	29632170	29715806	1	1		1			Loss	83637	29.63217	29.715806	69	67.5
7	CNVR_314	30148992	30221996	1	1		1			Loss	73005	30.148992	30.221996	69	67.5
7	CNVR_315	31773528	34133530	11	7		1	10		Mixed	2360003	31.773528	34.13353	69	67.5
7	CNVR_316	34703029	34849454	3	3			3		Gain	146426	34.703029	34.849454	69	67.5
7	CNVR_317	35861973	35908827	8	8		8			Loss	46855	35.861973	35.908827	69	67.5
7	CNVR_318	38226065	38417700	1	1		1			Loss	191636	38.226065	38.4177	69	67.5
7	CNVR_319	41170104	41249226	1	1	1				Loss	79123	41.170104	41.249226	69	67.5
7	CNVR_320	41766797	41803776	5	5		5			Loss	36980	41.766797	41.803776	69	67.5
7	CNVR_321	41936355	41982734	31	30			31		Gain	46380	41.936355	41.982734	69	67.5
7	CNVR_322	43792866	43820298	1	1		1			Loss	27433	43.792866	43.820298	69	67.5
7	CNVR_323	48637966	48666251	5	5		5			Loss	28286	48.637966	48.666251	69	67.5
7	CNVR_324	51895416	52030052	1	1			1		Gain	134637	51.895416	52.030052	69	67.5
7	CNVR_325	63986651	63993856	1	1			1		Gain	7206	63.986651	63.993856	69	67.5
7	CNVR_326	64069169	64117097	2	2	2				Loss	47929	64.069169	64.117097	69	67.5
7	CNVR_327	68038227	68126506	1	1		1			Loss	88280	68.038227	68.126506	69	67.5
7	CNVR_328	68574155	68783389	15	10			15		Gain	209235	68.574155	68.783389	69	67.5
7	CNVR_329	75588817	80423038	4	4	1		3		Mixed	4834222	75.588817	80.423038	69	67.5
7	CNVR_330	83703710	86213365	25	22	6	10	6	3	Mixed	2509656	83.70371	86.213365	69	67.5
7	CNVR_331	86947630	86986302	1	1			1		Gain	38673	86.94763	86.986302	69	67.5
7	CNVR_332	90843162	90863630	3	3		2	1		Mixed	20469	90.843162	90.86363	69	67.5
7	CNVR_333	91120492	92627202	2	2			2		Gain	1506711	91.120492	92.627202	69	67.5
7	CNVR_334	98715802	98850559	2	1	2				Loss	134758	98.715802	98.850559	69	67.5
7	CNVR_335	102857357	106478723	10	8	1	4	5		Mixed	3621367	102.857357	106.478723	69	67.5
7	CNVR_336	109870217	110301720	4	2			4		Gain	431504	109.870217	110.30172	69	67.5
8	CNVR_337	2008965	5147600	2	2			2		Gain	3138636	2.008965	5.1476	66	64.5
8	CNVR_338	9684395	9780883	1	1		1			Loss	96489	9.684395	9.780883	66	64.5
8	CNVR_339	13077137	13122647	2	2		2			Loss	45511	13.077137	13.122647	66	64.5
8	CNVR_340	17475905	21691570	2	2		1	1		Mixed	4215666	17.475905	21.69157	66	64.5
8	CNVR_341	26576536	26663386	2	2	2				Loss	86851	26.576536	26.663386	66	64.5
8	CNVR_342	32197901	32662197	9	9		8	1		Mixed	464297	32.197901	32.662197	66	64.5
8	CNVR_343	32806816	32858506	2	2		2			Loss	51691	32.806816	32.858506	66	64.5
8	CNVR_344	34951876	34993695	1	1			1		Gain	41820	34.951876	34.993695	66	64.5
8	CNVR_345	35116935	35365281	1	1			1		Gain	248347	35.116935	35.365281	66	64.5
8	CNVR_346	37331265	37364984	1	1		1			Loss	33720	37.331265	37.364984	66	64.5
8	CNVR_347	38363220	38420499	1	1		1			Loss	57280	38.36322	38.420499	66	64.5
8	CNVR_348	41033208	41261675	3	3		3			Loss	228468	41.033208	41.261675	66	64.5
8	CNVR_349	43615936	43824913	1	1			1		Gain	208978	43.615936	43.824913	66	64.5
8	CNVR_350	49847676	49906165	1	1		1			Loss	58490	49.847676	49.906165	66	64.5
8	CNVR_351	74218630	74308553	1	1		1			Loss	89924	74.21863	74.308553	66	64.5
8	CNVR_352	81613969	81655976	1	1			1		Gain	42008	81.613969	81.655976	66	64.5
8	CNVR_353	82609588	82677709	2	2		2			Loss	68122	82.609588	82.677709	66	64.5
8	CNVR_354	91370047	91391939	1	1			1		Gain	21893	91.370047	91.391939	66	64.5
8	CNVR_355	91640710	93543992	17	11		7	8	2	Mixed	1903283	91.64071	93.543992	66	64.5
8	CNVR_356	94169835	94496686	13	11	13				Loss	326852	94.169835	94.496686	66	64.5
8	CNVR_357	101535908	101914044	4	4		4			Loss	378137	101.535908	101.914044	66	64.5
8	CNVR_358	111620772	111672008	1	1			1		Gain	51237	111.620772	111.672008	66	64.5
8	CNVR_359	113222022	113255527	5	5		1	4		Mixed	33506	113.222022	113.255527	66	64.5
9	CNVR_360	173760	222508	2	2		2			Loss	48749	0.17376	0.222508	63	61.5
9	CNVR_361	1232090	1407386	2	2		2			Loss	175297	1.23209	1.407386	63	61.5
9	CNVR_362	1608298	2388286	3	3		2	1		Mixed	779989	1.608298	2.388286	63	61.5
9	CNVR_363	2678406	2792938	3	3	3				Loss	114533	2.678406	2.792938	63	61.5
9	CNVR_364	2941607	3042012	3	3		3			Loss	100406	2.941607	3.042012	63	61.5
9	CNVR_365	3132080	3414493	4	4		2	2		Mixed	282414	3.13208	3.414493	63	61.5
9	CNVR_366	3559450	3580288	2	2		2			Loss	20839	3.55945	3.580288	63	61.5
9	CNVR_367	3973893	4089125	3	3		3			Loss	115233	3.973893	4.089125	63	61.5
9	CNVR_368	4786155	4841437	1	1	1				Loss	55283	4.786155	4.841437	63	61.5
9	CNVR_369	5362298	5408530	1	1		1			Loss	46233	5.362298	5.40853	63	61.5
9	CNVR_370	6120381	6158396	3	3	1	2			Loss	38016	6.120381	6.158396	63	61.5
9	CNVR_371	6547715	6782725	1	1		1			Loss	235011	6.547715	6.782725	63	61.5
9	CNVR_372	7097350	7215840	3	3		2	1		Mixed	118491	7.09735	7.21584	63	61.5
9	CNVR_373	12645042	12730808	4	4	4				Loss	85767	12.645042	12.730808	63	61.5
9	CNVR_374	13809560	13921073	1	1			1		Gain	111514	13.80956	13.921073	63	61.5
9	CNVR_375	13993416	14079882	7	6	2	4	1		Mixed	86467	13.993416	14.079882	63	61.5
9	CNVR_376	15766008	18194116	2	2			2		Gain	2428109	15.766008	18.194116	63	61.5
9	CNVR_377	18547078	18650496	8	8		6	2		Mixed	103419	18.547078	18.650496	63	61.5
9	CNVR_378	24739623	24872710	3	3		2	1		Mixed	133088	24.739623	24.87271	63	61.5
9	CNVR_379	28284086	28305499	1	1		1			Loss	21414	28.284086	28.305499	63	61.5
9	CNVR_380	30547032	30573582	39	37	4	35			Loss	26551	30.547032	30.573582	63	61.5
9	CNVR_381	34887270	35923167	3	2			3		Gain	1035898	34.88727	35.923167	63	61.5
9	CNVR_382	35939381	36034000	1	1	1				Loss	94620	35.939381	36.034	63	61.5
9	CNVR_383	40282917	40345809	7	7			7		Gain	62893	40.282917	40.345809	63	61.5
9	CNVR_384	45606562	45689245	1	1	1				Loss	82684	45.606562	45.689245	63	61.5
9	CNVR_385	45934644	47588878	5	5		3	2		Mixed	1654235	45.934644	47.588878	63	61.5
9	CNVR_386	47868930	47921833	1	1		1			Loss	52904	47.86893	47.921833	63	61.5
9	CNVR_387	49224046	49366561	1	1			1		Gain	142516	49.224046	49.366561	63	61.5
9	CNVR_388	50321700	50390151	1	1		1			Loss	68452	50.3217	50.390151	63	61.5
9	CNVR_389	51545402	51588928	4	4		2	2		Mixed	43527	51.545402	51.588928	63	61.5
9	CNVR_390	53435870	53586319	2	2		1	1		Mixed	150450	53.43587	53.586319	63	61.5
9	CNVR_391	55258768	55266028	2	2		2			Loss	7261	55.258768	55.266028	63	61.5
9	CNVR_392	55537105	55645778	1	1		1			Loss	108674	55.537105	55.645778	63	61.5
9	CNVR_393	60765441	60813474	1	1			1		Gain	48034	60.765441	60.813474	63	61.5
9	CNVR_394	65604455	65685760	7	7	2	5			Loss	81306	65.604455	65.68576	63	61.5
9	CNVR_395	65885583	66036771	3	3		3			Loss	151189	65.885583	66.036771	63	61.5
9	CNVR_396	68293784	68313927	1	1		1			Loss	20144	68.293784	68.313927	63	61.5
9	CNVR_397	71761625	71867488	1	1			1		Gain	105864	71.761625	71.867488	63	61.5
9	CNVR_398	73729142	73848491	1	1		1			Loss	119350	73.729142	73.848491	63	61.5
9	CNVR_399	74344115	74447886	1	1		1			Loss	103772	74.344115	74.447886	63	61.5
9	CNVR_400	78116942	79509358	1	1			1		Gain	1392417	78.116942	79.509358	63	61.5
9	CNVR_401	79635272	79745361	1	1		1			Loss	110090	79.635272	79.745361	63	61.5
9	CNVR_402	80376639	80415149	2	2			1	1	Gain	38511	80.376639	80.415149	63	61.5
9	CNVR_403	81847682	81895098	1	1	1				Loss	47417	81.847682	81.895098	63	61.5
9	CNVR_404	88636634	88684552	2	2		2			Loss	47919	88.636634	88.684552	63	61.5
9	CNVR_405	89377321	89430687	1	1	1				Loss	53367	89.377321	89.430687	63	61.5
9	CNVR_406	90715541	90747056	3	3		3			Loss	31516	90.715541	90.747056	63	61.5
9	CNVR_407	92507446	92528200	1	1		1			Loss	20755	92.507446	92.5282	63	61.5
9	CNVR_408	94501675	94536565	4	4	4				Loss	34891	94.501675	94.536565	63	61.5
9	CNVR_409	98170529	98202076	1	1			1		Gain	31548	98.170529	98.202076	63	61.5
9	CNVR_410	102050512	102068573	2	2		2			Loss	18062	102.050512	102.068573	63	61.5
9	CNVR_411	102582381	102615677	1	1		1			Loss	33297	102.582381	102.615677	63	61.5
9	CNVR_412	104218103	104379663	2	2			2		Gain	161561	104.218103	104.379663	63	61.5
