Chr	Start	End
1	1556392	2086121
1	5519231	5569070
1	6813154	6893254
1	7159731	7202401
1	7260253	7280774
1	9666125	9708099
1	10954721	11033253
1	14247401	14579710
1	15191489	15250173
1	15408544	15492702
1	15624885	15727563
1	15990556	16114873
1	16446038	16604159
1	16817375	17537664
1	17863023	18194846
1	18918611	19206010
1	19455564	19507076
1	20541415	20566611
1	23030390	28064356
1	30659162	30840833
1	31475581	31699827
1	32073771	32180030
1	33584316	33610831
1	38112817	38181686
1	38752163	38802298
1	38870499	41759552
1	42466675	42574052
1	42615734	42692592
1	44571298	44649313
1	45090218	45146168
1	45837138	45869917
1	47050759	49515972
1	49952651	50064432
1	50767507	50809694
1	54843886	54978255
1	69979144	70404106
1	71238937	71380741
1	75707006	75732698
1	81343507	81416748
1	83707085	83810343
1	84046023	84284676
1	88012422	88278205
1	90408826	94679895
1	94782982	94804961
1	101346641	101402516
1	101612280	102089512
1	103272899	103339600
1	104199530	104263712
1	104515879	104784023
1	104932182	105100473
1	105239570	105472672
1	115368465	115487178
1	120398043	120455085
1	122712193	123649875
1	126520577	126747762
1	131466441	131488608
1	141411087	141464985
1	153209819	153246471
1	154336232	154445682
1	157003140	157019589
1	157665979	157775990
1	157905244	157913264
10	110950	164069
10	545401	561907
10	1860161	1936953
10	2367278	2387809
10	6846956	6989555
10	8707331	8842897
10	9143166	9354675
10	10467395	10490050
10	11354552	11544918
10	13219798	13290512
10	14157673	14228843
10	18786999	18854031
10	18991042	19055444
10	19755228	19797770
10	21794678	21841817
10	22364061	22408227
10	22796412	23703141
10	24799737	25349755
10	27012287	27057896
10	27274195	27320537
10	28030117	28053351
10	30358059	30402170
10	34858599	34914334
10	36538466	36803995
10	41412968	41462308
10	41667967	41725845
10	42661079	42869573
10	44505055	44727501
10	45411930	45807766
10	46490485	46540291
10	46609304	46637787
10	51244357	51350146
10	53652144	53794314
10	55628092	55725724
10	55907151	55929569
10	70013138	70033332
10	70597940	70702717
10	74528909	74555038
10	78515830	79265033
10	85258477	85290340
10	91944026	92089797
10	94955619	95012640
10	98493921	98513608
10	100656201	100706066
10	103030307	103129795
11	122657	188097
11	4195587	4256064
11	4927530	5053266
11	9672957	9743288
11	10647533	10735565
11	14734237	15290934
11	16392452	18452325
11	18637619	18739862
11	20285444	20327920
11	21704025	21762048
11	24474675	24506755
11	25925590	26384861
11	30638168	30723344
11	32020374	32088498
11	32116162	32193449
11	34439864	34617407
11	38023147	38048799
11	38303012	38322480
11	40026791	40064479
11	41017384	41067983
11	52008258	52045592
11	52132672	52671438
11	52924695	53211061
11	57304568	57670923
11	57957745	58497959
11	59889002	60022605
11	62354153	62437950
11	73302300	73478626
11	86989572	87117767
11	95243657	95285863
11	96567133	96748895
11	103219634	106640039
12	605703	953496
12	1248895	1294811
12	4516906	4564035
12	7318998	7499961
12	7717682	8004398
12	8211080	8303309
12	8944702	9035851
12	10005671	10117392
12	16141245	16171675
12	18018856	18038076
12	18394407	18543051
12	18866247	18999163
12	31868243	31966327
12	32430162	32458228
12	34199608	34258544
12	40908574	41482512
12	41639204	43504096
12	44647231	44896474
12	45501101	45568197
12	48651266	48790568
12	49002658	49055838
12	50029062	50104867
12	51382264	51412073
12	52199487	52385221
12	55183342	55241442
12	57324176	57444824
12	57541708	58330693
12	58746483	58878268
12	59879124	60512165
12	61248778	61401960
12	61581280	62049442
12	62865973	62886090
12	62971636	63429741
12	63887327	63961087
12	64475721	64586228
12	69804346	71589418
12	71657701	71701903
12	71820369	72996370
12	78163435	78251127
12	79279720	81461384
12	85225566	85267889
12	86064733	86688013
12	86794730	86830784
13	250637	585203
13	10297467	10395756
13	12280490	12378558
13	12471939	12748454
13	17800892	17909299
13	19947737	20257287
13	21555041	21608958
13	24397516	24515029
13	25678465	25886779
13	27496035	27584525
13	32220177	32258616
13	33798170	33834273
13	35224775	35311031
13	40624961	40688852
13	41276409	41326933
13	43322783	43433183
13	46435930	46522912
13	51842153	52109473
13	53368037	53391697
13	53444123	53526707
13	53954346	54135002
13	54341978	54892952
13	57367650	57558958
13	57623027	57712686
13	61361508	61444179
13	66020536	66071349
13	66830214	66869864
13	73230829	73287734
14	68024	195925
14	330256	1044777
14	1082140	1286160
14	2001936	2435470
14	18391223	18812033
14	21980847	22027926
14	25111427	25127840
14	25158355	25222766
14	25725851	25780871
14	32954349	32967563
14	39032005	39522512
14	40729813	41124123
14	49039384	49070135
14	49401100	54481400
14	58056243	58089515
14	64205475	64235532
14	64678934	65243234
14	74939721	75064248
14	75956030	76005515
14	76800429	76937650
14	78020352	78235444
14	79210961	79273581
14	79971404	80071180
14	80520573	80559335
14	81274613	81441475
14	82213343	82247268
15	95457	1094876
15	1905039	4162300
15	6287730	6431790
15	7642301	7687606
15	10732718	10936002
15	11144666	11428390
15	11668637	11788887
15	12426564	12486367
15	13117530	13203710
15	13849616	13923819
15	18340522	18425348
15	20276441	20424163
15	28923329	29028800
15	29345173	29458564
15	37889488	37988924
15	44574405	44616946
15	44643305	44671060
15	44878753	44939293
15	45854304	45902669
15	45962744	46354274
15	47192222	47491314
15	48371261	48467282
15	49043365	49104529
15	49593727	49642755
15	49994423	50032210
15	51514220	51644699
15	53177461	53218885
15	54683112	54732561
15	56836949	56947464
15	61839149	61855683
15	62419747	62468802
15	67203221	67239891
15	68244402	68298144
15	69759035	69984268
15	70224365	70517949
15	71627906	71688173
15	73422749	73494231
15	73590486	73647677
15	78804694	78852525
15	78985623	79611716
15	79721442	79806748
15	80200073	80224913
15	82499664	82572418
15	83996173	84260383
16	3498548	3604825
16	5680582	5965231
16	6000309	6196805
16	6368752	6434297
16	7766369	7869522
16	8762686	8870689
16	10254850	10354010
16	10819641	10851355
16	11850114	11891004
16	14274292	14908704
16	16152108	16244500
16	24076398	24156316
16	25107818	25118197
16	26388857	26461264
16	27526973	27568525
16	28154457	28321010
16	30213147	30505468
16	32754885	32852344
16	33331779	33584654
16	41147381	41217175
16	47122872	47239304
16	49148097	49674031
16	49852100	49970146
16	55212092	55344755
16	56366468	56381192
16	57251627	57343354
16	59589341	59631972
16	60525984	60807765
16	62207587	62241544
16	67025984	67146187
16	69471279	69553620
16	76153451	76228029
16	76575462	76632577
16	77499096	77612188
16	79672105	79791892
16	80040634	80102228
16	80366462	80863910
17	737443	2766673
17	3296153	3369108
17	3529726	3568506
17	6794956	6848226
17	6889742	7158121
17	7340739	7389145
17	11566347	11716513
17	21008303	21130223
17	21897242	22060904
17	22247424	22285369
17	22569340	23144425
17	23576599	23614738
17	23981017	24374905
17	26745200	27068312
17	30297177	33893339
17	34535747	34651540
17	38593860	38661101
17	39220916	39321476
17	41446019	41709619
17	46566562	46669627
17	52077181	52109735
17	52872065	53069851
17	54062683	54228261
17	57083149	57194642
17	58623706	58824595
17	65721324	65796850
17	67604252	68000928
17	68015202	68055218
17	70645226	70984463
17	71355374	73155293
18	2776211	2824948
18	12377354	12478047
18	13303377	13371617
18	13665368	14078470
18	14969884	15157858
18	15491110	15821257
18	16771749	16803994
18	27440587	27560755
18	27726727	27759853
18	27779305	28283763
18	31931689	32028181
18	36628794	36768945
18	38681894	38749636
18	46127942	46176270
18	47977151	47994061
18	53012600	53071278
18	57057494	57106651
18	60876129	60892357
18	60943128	60951463
18	61155737	61266875
18	61330975	61495099
18	63175100	63239673
18	64353779	64377482
18	65609903	65814370
19	1972870	2013788
19	3194780	3219803
19	3499286	3596175
19	7539293	7633201
19	9613564	9753707
19	9887071	10148283
19	10196976	10227474
19	10819756	11045264
19	11112419	11346615
19	12219365	12289598
19	13678370	13749514
19	14229394	14292872
19	14880730	14910992
19	17894199	17959242
19	18012136	18118339
19	21534263	21556972
19	23517073	23564582
19	24160587	24200990
19	26942729	27421507
19	31510882	31638013
19	32754596	32871828
19	34590070	34636180
19	35683912	35735962
19	38436540	38489966
19	41397913	41422493
19	46083610	46268549
19	46862760	47005169
19	47402508	47741795
19	49003361	49164680
19	50787009	50929851
19	52105919	52254545
19	55499960	55506254
19	55889067	55911397
19	61701944	61756520
19	62611634	62643241
2	204346	288663
2	2326560	2458209
2	7515330	8523016
2	8923646	9443359
2	9813911	13382039
2	13567931	13637158
2	19191623	19230960
2	19337434	19425494
2	24673731	25019765
2	25395889	25456418
2	26314361	26411917
2	26533881	26616402
2	27318294	27979992
2	28138222	29743773
2	33041069	33156609
2	33210280	33237706
2	34588581	34703310
2	35747792	35793441
2	36335995	36379882
2	39888509	39910074
2	41073325	41119712
2	41679485	41842234
2	41900302	42181561
2	45279148	45336061
2	48014334	48055631
2	50234111	50310892
2	53100190	53646984
2	55118213	58086161
2	62337521	62378856
2	63502622	63711962
2	63886842	64472720
2	64631090	64733422
2	66345695	69169219
2	73809585	78576254
2	80657530	84228252
2	91199177	91282400
2	97988530	98062823
2	108777666	108816422
2	110332803	110471585
2	112037722	112088042
2	112926020	113155761
2	114523616	114535823
2	115474795	115512459
2	119309298	119361101
2	123741216	123802863
2	129061339	129109626
2	134061066	134078189
2	135903292	136019931
20	1197732	1314256
20	1827719	1873819
20	2795101	2990892
20	4442249	4487971
20	6468913	6586964
20	8742285	8771290
20	9887590	9963549
20	10328272	10500984
20	10783387	10800005
20	11409646	11453162
20	12111883	12136194
20	13653178	13677770
20	16904479	16951836
20	19517625	19626594
20	21842803	21913767
20	22209505	22213574
20	22272974	22305514
20	22940301	22996991
20	23802929	23863171
20	25528151	25590025
20	29711188	29779527
20	31422941	31448781
20	33614197	33711013
20	35233378	35486670
20	36817457	37273408
20	43159533	43287639
20	43773119	43882014
20	44195277	44220967
20	44992353	45148021
20	45948384	46084308
20	46826293	47301790
20	49275867	49562973
20	50292489	50297736
20	51571771	52125534
20	53024269	53297742
20	53640256	53779182
20	54256478	54291088
20	54509429	54758379
20	59880963	61363846
20	61980304	62121001
20	67492982	67545645
20	68371234	68409410
20	69362976	69379193
20	70604423	71835589
21	29987	371968
21	3685123	3820824
21	12020836	12247673
21	13309827	13343949
21	17690394	17706354
21	19657415	19765895
21	20058560	20080310
21	21319480	21433856
21	22187070	22216183
21	29124387	29231528
21	30353565	30380420
21	32036695	32141178
21	32556363	32646958
21	33054329	33122801
21	34773019	34852830
21	37466037	39181843
21	41854733	41936434
21	49609843	54445195
21	56486641	56528040
21	56957780	56964719
21	65029870	65080143
21	65763116	65921326
21	68643064	69808854
22	7051424	7112947
22	9129405	9424056
22	15347292	15523954
22	16209409	16304198
22	17610020	17708467
22	27739097	27794255
22	32483637	32513622
22	33968386	34051582
22	34408419	34473365
22	48156339	48290928
22	48907762	49184065
22	56788186	56811695
22	58236823	59004418
22	59386439	59499648
22	59789766	60710593
23	591944	713131
23	11303403	11415970
23	14835189	14866127
23	16521600	16640000
23	21508598	21560621
23	24836032	24892466
23	25560755	25730370
23	25929681	26556968
23	26634448	26948249
23	27494111	27795168
23	27998654	28085043
23	28501615	28560191
23	29055109	29075438
23	29108839	29325564
23	30735048	30830954
23	30946459	30992726
23	31580954	31945721
23	35765336	35833673
23	39432260	39464065
23	43199690	43271085
24	3251225	3263755
24	5410837	5475046
24	9887108	10004070
24	11323276	11424841
24	12855197	13028152
24	13157934	13199115
24	16546106	16592238
24	20757957	20803435
24	24293597	24332155
24	26069138	29019019
24	38270530	38309166
24	41383914	41529798
24	42101316	42170842
24	43657134	43754506
24	49057452	49089270
24	50413316	50464102
24	51887107	51918535
24	53687442	53742189
24	57893434	57927929
24	59955268	59990135
25	208098	1769456
25	2337264	2422717
25	9559212	9628737
25	10046944	10097205
25	13475146	13533742
25	16449087	16538323
25	17246991	17275840
25	35847022	36012574
25	36067948	36088574
25	39845396	39893062
25	40583579	42056885
26	2404154	2441939
26	2969887	3026509
26	3629605	3703194
26	4672743	4825731
26	11301013	11410969
26	13723590	13779378
26	15995830	16012895
26	17667270	17714604
26	21840164	21919481
26	22144981	22386818
26	25470807	25532406
26	27737887	27804094
26	28385806	28572377
26	30679250	30703028
26	32977874	33046991
26	35555953	35700362
26	35829748	35904911
26	47838401	47896501
26	50637350	51091399
26	51488076	51659347
27	3357687	3431190
27	7940961	8009249
27	9173141	13392895
27	16390789	19160261
27	20207643	23270710
27	23542996	23627544
27	27374693	32180839
27	34176183	34272250
27	34335782	34422117
27	41219117	41235779
27	43859630	43910265
27	45338225	45500252
28	27751	466053
28	2101546	2141009
28	3778869	3789749
28	7978983	8204918
28	8481056	8554468
28	9798692	12499570
28	18916753	19430612
28	19507984	19563947
28	20251683	24082828
28	24340626	25229809
28	28501081	29240599
28	29872623	30439777
28	34488152	34503680
28	34851742	34875430
28	35979341	36059676
28	44038721	44071166
28	44584170	44615642
29	9400987	9599143
29	12454354	12480062
29	12993313	15683108
29	16816497	16846552
29	19098109	21974417
29	29740161	29758973
29	30869036	30984935
29	33487878	33541339
29	35954618	35999607
29	38641995	38693679
29	43306962	43329844
29	45417677	45478834
29	46047863	46178866
29	46949252	47013097
29	47269242	47447458
29	48646742	51072873
3	397758	454705
3	589618	778196
3	9737010	9759429
3	10881628	10946349
3	16760836	16820503
3	20706978	20756370
3	28845503	28971745
3	30350337	30396757
3	31593802	31653812
3	32754242	32767893
3	34307747	34387819
3	37054466	41843499
3	42917941	43378710
3	51989581	52054929
3	52255164	52399331
3	54188660	54909666
3	55075515	55124223
3	56635728	56711353
3	58919048	58938248
3	66958835	67092920
3	67184325	67218474
3	68133029	68172039
3	68994261	69057163
3	69516299	74015041
3	74880847	75012952
3	76432417	76452556
3	80613458	80672772
3	90468808	90478848
3	94818813	95038877
3	100277178	100601230
3	105906709	105941874
3	109750764	110033765
3	110225003	110438534
3	116992159	117042174
3	119893611	120957517
4	190991	4229759
4	5815841	5868189
4	6305048	6534219
4	7372107	7455891
4	7803131	7906401
4	9251599	9477621
4	9623951	9706609
4	10554466	10785247
4	16324078	18883420
4	20430208	20477053
4	22417069	22476432
4	22702596	22763246
4	23905307	23939782
4	24769941	24787234
4	38458460	38499800
4	41346098	41419880
4	43528807	43588911
4	45400553	45479387
4	46212366	46311240
4	48408851	48591927
4	50042121	50170138
4	54019025	54278625
4	58226979	59276289
4	59421575	59566132
4	62197348	62228844
4	64864017	64895434
4	65991776	66576959
4	66753486	66803742
4	68465623	68705234
4	71900384	72048949
4	73129045	73288742
4	73487044	73571440
4	73907386	74003192
4	74657252	74678087
4	75223728	75278775
4	76717317	76815010
4	77973448	78071301
4	82654929	82750158
4	82887750	85232259
4	90431047	90468283
4	92050350	92129716
4	95067685	95166666
4	96998183	97277561
4	105149433	105304020
4	106108030	106133947
4	106422540	106435387
4	109506472	109533204
4	112837075	113089385
4	115362693	115381846
4	117362940	117480000
5	1481839	1533449
5	1765747	4134063
5	7739220	8971047
5	11370216	11551233
5	14819458	14878496
5	27040938	27114028
5	27670995	27685526
5	29594972	29606401
5	37375959	37429685
5	40559187	40689866
5	41337074	41390342
5	41739940	41856142
5	41950245	42010622
5	49769854	49803392
5	50066009	50182992
5	50956526	51204033
5	51397786	55263686
5	56035754	56081838
5	57723436	59953158
5	64116108	64230589
5	87897883	87923946
5	89124173	93490294
5	93611048	93661305
5	95376929	95494887
5	97624572	97673415
5	100100898	100409257
5	101977430	102029541
5	102317408	102463152
5	102630827	103186163
5	106022933	106090114
5	106990076	107114180
5	109783129	109801761
5	111781297	111914115
5	113908560	113929923
5	114595880	114640633
5	115346239	115381438
5	116466547	116483271
5	116828442	116894325
5	117061847	117365223
5	118094837	120071585
6	377725	481936
6	898495	929478
6	1078984	1117703
6	3348603	3447118
6	4884823	4907277
6	7474743	10768087
6	11131845	11247607
6	13669075	14620918
6	18364684	18413478
6	18917943	18955466
6	23673373	23807252
6	25987389	26013592
6	27204121	27311786
6	27672686	27932016
6	30915027	35042532
6	35810085	35868374
6	36458311	36466733
6	36535012	36551432
6	37136794	37145522
6	37328528	37384980
6	37403224	37536990
6	37819224	37860407
6	38042337	38046850
6	39652421	39825526
6	47202455	49915071
6	51955052	52193551
6	52267908	52320441
6	53621155	53661568
6	54185052	54243442
6	54520169	54741260
6	54895952	54952310
6	55123673	55172459
6	55277164	55675135
6	58726504	59015036
6	61752222	66011429
6	67471713	67537362
6	69259921	69291161
6	74055110	74326833
6	75035526	75136430
6	75576260	76179944
6	77611108	77764419
6	78066538	78137497
6	78200335	78594363
6	78934676	78963886
6	79138335	80077784
6	80296438	80425423
6	81960519	81996207
6	82283005	82474111
6	82895900	83003450
6	84203997	84480999
6	84734130	84847352
6	85029289	85059442
6	89886763	89911008
6	90459046	90505918
6	94886288	95756736
6	102542717	102646839
6	110933133	110970971
6	113734699	113753509
6	113950763	115559907
6	116502046	116604041
6	116669816	117767753
7	302318	435584
7	1080046	1085828
7	8512784	10694692
7	13697805	13734002
7	14032208	14079651
7	19895604	19964975
7	21593442	21869803
7	21927815	21963795
7	21972718	22003609
7	22007584	22028121
7	22521430	23489956
7	23726597	23741599
7	23777525	23909364
7	27125730	27164197
7	27289094	27323816
7	28207278	28329677
7	29632170	29715806
7	30148992	30221996
7	31773528	34133530
7	34703029	34849454
7	35861973	35908827
7	38226065	38417700
7	41170104	41249226
7	41766797	41803776
7	41936355	41982734
7	43792866	43820298
7	48637966	48666251
7	51895416	52030052
7	63986651	63993856
7	64069169	64117097
7	68038227	68126506
7	68574155	68783389
7	75588817	80423038
7	83703710	86213365
7	86947630	86986302
7	90843162	90863630
7	91120492	92627202
7	98715802	98850559
7	102857357	106478723
7	109870217	110301720
8	2008965	5147600
8	9684395	9780883
8	13077137	13122647
8	17475905	21691570
8	26576536	26663386
8	32197901	32662197
8	32806816	32858506
8	34951876	34993695
8	35116935	35365281
8	37331265	37364984
8	38363220	38420499
8	41033208	41261675
8	43615936	43824913
8	49847676	49906165
8	74218630	74308553
8	81613969	81655976
8	82609588	82677709
8	91370047	91391939
8	91640710	93543992
8	94169835	94496686
8	101535908	101914044
8	111620772	111672008
8	113222022	113255527
9	173760	222508
9	1232090	1407386
9	1608298	2388286
9	2678406	2792938
9	2941607	3042012
9	3132080	3414493
9	3559450	3580288
9	3973893	4089125
9	4786155	4841437
9	5362298	5408530
9	6120381	6158396
9	6547715	6782725
9	7097350	7215840
9	12645042	12730808
9	13809560	13921073
9	13993416	14079882
9	15766008	18194116
9	18547078	18650496
9	24739623	24872710
9	28284086	28305499
9	30547032	30573582
9	34887270	35923167
9	35939381	36034000
9	40282917	40345809
9	45606562	45689245
9	45934644	47588878
9	47868930	47921833
9	49224046	49366561
9	50321700	50390151
9	51545402	51588928
9	53435870	53586319
9	55258768	55266028
9	55537105	55645778
9	60765441	60813474
9	65604455	65685760
9	65885583	66036771
9	68293784	68313927
9	71761625	71867488
9	73729142	73848491
9	74344115	74447886
9	78116942	79509358
9	79635272	79745361
9	80376639	80415149
9	81847682	81895098
9	88636634	88684552
9	89377321	89430687
9	90715541	90747056
9	92507446	92528200
9	94501675	94536565
9	98170529	98202076
9	102050512	102068573
9	102582381	102615677
9	104218103	104379663
