Chr	CNVR_ID	Start	End	Frequency	n_Sample	0	1	3	4	Type	Length	start_left	end_right	chr_top	chr_bottom
1	CNVR_1	835371	1363932	11	11		6	5		Mixed	528562	0.835371	1.363932	87	85.5
1	CNVR_2	4784221	4834622	1	1		1			Loss	50402	4.784221	4.834622	87	85.5
1	CNVR_3	6154638	6236417	2	2		2			Loss	81780	6.154638	6.236417	87	85.5
1	CNVR_4	6521869	6643841	3	3			3		Gain	121973	6.521869	6.643841	87	85.5
1	CNVR_5	9038916	9080890	1	1			1		Gain	41975	9.038916	9.08089	87	85.5
1	CNVR_6	14876816	14961941	1	1		1			Loss	85126	14.876816	14.961941	87	85.5
1	CNVR_7	15103954	15207398	1	1		1			Loss	103445	15.103954	15.207398	87	85.5
1	CNVR_8	15491288	15605365	2	2		2			Loss	114078	15.491288	15.605365	87	85.5
1	CNVR_9	15937076	16069418	1	1			1		Gain	132343	15.937076	16.069418	87	85.5
1	CNVR_10	16119771	17021138	19	19	1	13	5		Mixed	901368	16.119771	17.021138	87	85.5
1	CNVR_11	17354497	17685698	8	8		5	3		Mixed	331202	17.354497	17.685698	87	85.5
1	CNVR_12	22780117	22841754	1	1		1			Loss	61638	22.780117	22.841754	87	85.5
1	CNVR_13	24980365	24994877	1	1		1			Loss	14513	24.980365	24.994877	87	85.5
1	CNVR_14	30224415	30414871	3	3		2	1		Mixed	190457	30.224415	30.414871	87	85.5
1	CNVR_15	31038475	31269020	4	4		4			Loss	230546	31.038475	31.26902	87	85.5
1	CNVR_16	31641787	31670765	1	1		1			Loss	28979	31.641787	31.670765	87	85.5
1	CNVR_17	33149633	33176151	1	1		1			Loss	26519	33.149633	33.176151	87	85.5
1	CNVR_18	37713094	37781476	12	12		11	1		Mixed	68383	37.713094	37.781476	87	85.5
1	CNVR_19	38352766	38403540	1	1		1			Loss	50775	38.352766	38.40354	87	85.5
1	CNVR_20	38738078	38863022	3	3		1	2		Mixed	124945	38.738078	38.863022	87	85.5
1	CNVR_21	39120497	39201041	1	1			1		Gain	80545	39.120497	39.201041	87	85.5
1	CNVR_22	39500943	39595785	2	2			2		Gain	94843	39.500943	39.595785	87	85.5
1	CNVR_23	39849645	39910369	1	1		1			Loss	60725	39.849645	39.910369	87	85.5
1	CNVR_24	40018323	40068132	1	1		1			Loss	49810	40.018323	40.068132	87	85.5
1	CNVR_25	40353369	40379850	2	2			2		Gain	26482	40.353369	40.37985	87	85.5
1	CNVR_26	44526250	44542735	1	1			1		Gain	16486	44.52625	44.542735	87	85.5
1	CNVR_27	45423220	45479172	1	1			1		Gain	55953	45.42322	45.479172	87	85.5
1	CNVR_28	49230292	49433920	2	2		2			Loss	203629	49.230292	49.43392	87	85.5
1	CNVR_29	51169451	51211635	1	1		1			Loss	42185	51.169451	51.211635	87	85.5
1	CNVR_30	55259756	55396138	1	1		1			Loss	136383	55.259756	55.396138	87	85.5
1	CNVR_31	70590429	71015840	3	3		3			Loss	425412	70.590429	71.01584	87	85.5
1	CNVR_32	71602911	71651658	1	1			1		Gain	48748	71.602911	71.651658	87	85.5
1	CNVR_33	71848306	72217907	3	3		3			Loss	369602	71.848306	72.217907	87	85.5
1	CNVR_34	76322131	76347831	1	1		1			Loss	25701	76.322131	76.347831	87	85.5
1	CNVR_35	81933912	82007029	8	8			8		Gain	73118	81.933912	82.007029	87	85.5
1	CNVR_36	84345904	84424501	6	6		5	1		Mixed	78598	84.345904	84.424501	87	85.5
1	CNVR_37	84660080	84897864	7	7		6	1		Mixed	237785	84.66008	84.897864	87	85.5
1	CNVR_38	88689962	88904687	2	2			2		Gain	214726	88.689962	88.904687	87	85.5
1	CNVR_39	91350265	91460563	13	13		13			Loss	110299	91.350265	91.460563	87	85.5
1	CNVR_40	95549663	95571642	1	1		1			Loss	21980	95.549663	95.571642	87	85.5
1	CNVR_41	101686457	101752491	1	1			1		Gain	66035	101.686457	101.752491	87	85.5
1	CNVR_42	102155986	102211862	1	1		1			Loss	55877	102.155986	102.211862	87	85.5
1	CNVR_43	104804260	104881796	1	1		1			Loss	77537	104.80426	104.881796	87	85.5
1	CNVR_44	105018867	105084197	1	1			1		Gain	65331	105.018867	105.084197	87	85.5
1	CNVR_45	105405603	105603997	1	1			1		Gain	198395	105.405603	105.603997	87	85.5
1	CNVR_46	105754655	105922886	1	1		1			Loss	168232	105.754655	105.922886	87	85.5
1	CNVR_47	106062371	106295981	1	1			1		Gain	233611	106.062371	106.295981	87	85.5
1	CNVR_48	123954981	124246283	2	2			2		Gain	291303	123.954981	124.246283	87	85.5
1	CNVR_49	127518399	127749327	7	7		7			Loss	230929	127.518399	127.749327	87	85.5
1	CNVR_50	155772311	155802431	1	1			1		Gain	30121	155.772311	155.802431	87	85.5
10	CNVR_369	2326007	2335938	3	3	1	2			Loss	9932	2.326007	2.335938	60	58.5
10	CNVR_370	6775423	6918607	1	1		1			Loss	143185	6.775423	6.918607	60	58.5
10	CNVR_371	9086487	9319944	2	2		2			Loss	233458	9.086487	9.319944	60	58.5
10	CNVR_372	10405527	10598785	2	2		2			Loss	193259	10.405527	10.598785	60	58.5
10	CNVR_373	11278001	11484520	6	6		6			Loss	206520	11.278001	11.48452	60	58.5
10	CNVR_374	13180019	13252429	2	2		2			Loss	72411	13.180019	13.252429	60	58.5
10	CNVR_375	14129663	14200836	1	1			1		Gain	71174	14.129663	14.200836	60	58.5
10	CNVR_376	18743955	18882288	2	2		2			Loss	138334	18.743955	18.882288	60	58.5
10	CNVR_377	19017657	19095908	1	1		1			Loss	78252	19.017657	19.095908	60	58.5
10	CNVR_378	19589393	19631935	1	1			1		Gain	42543	19.589393	19.631935	60	58.5
10	CNVR_379	22208708	22252878	1	1			1		Gain	44171	22.208708	22.252878	60	58.5
10	CNVR_380	22709100	24602783	58	54		34	24		Mixed	1893684	22.7091	24.602783	60	58.5
10	CNVR_381	24998515	25265627	1	1			1		Gain	267113	24.998515	25.265627	60	58.5
10	CNVR_382	28081786	28104991	1	1			1		Gain	23206	28.081786	28.104991	60	58.5
10	CNVR_383	30431807	30475998	1	1		1			Loss	44192	30.431807	30.475998	60	58.5
10	CNVR_384	41754525	41812396	1	1		1			Loss	57872	41.754525	41.812396	60	58.5
10	CNVR_385	42702663	42912594	3	3		2	1		Mixed	209932	42.702663	42.912594	60	58.5
10	CNVR_386	44556318	44773388	1	1		1			Loss	217071	44.556318	44.773388	60	58.5
10	CNVR_387	45323831	45364839	1	1			1		Gain	41009	45.323831	45.364839	60	58.5
10	CNVR_388	45465423	45864066	2	2		2			Loss	398644	45.465423	45.864066	60	58.5
10	CNVR_389	46548679	46598505	1	1			1		Gain	49827	46.548679	46.598505	60	58.5
10	CNVR_390	46665928	46694410	1	1			1		Gain	28483	46.665928	46.69441	60	58.5
10	CNVR_391	51307984	51409033	1	1		1			Loss	101050	51.307984	51.409033	60	58.5
10	CNVR_392	53716124	53858411	1	1		1			Loss	142288	53.716124	53.858411	60	58.5
10	CNVR_393	55708101	55773163	3	3		3			Loss	65063	55.708101	55.773163	60	58.5
10	CNVR_394	55993255	56015779	1	1		1			Loss	22525	55.993255	56.015779	60	58.5
10	CNVR_395	70258844	70279755	1	1			1		Gain	20912	70.258844	70.279755	60	58.5
10	CNVR_396	70813663	70948919	2	2		2			Loss	135257	70.813663	70.948919	60	58.5
10	CNVR_397	74818051	74844181	3	3		3			Loss	26131	74.818051	74.844181	60	58.5
10	CNVR_398	78857995	79609792	2	2		2			Loss	751798	78.857995	79.609792	60	58.5
10	CNVR_399	85649939	85681663	1	1		1			Loss	31725	85.649939	85.681663	60	58.5
10	CNVR_400	87623949	87803366	2	2			2		Gain	179418	87.623949	87.803366	60	58.5
10	CNVR_401	93072865	93209190	1	1		1			Loss	136326	93.072865	93.20919	60	58.5
10	CNVR_402	96019445	96065191	4	4			4		Gain	45747	96.019445	96.065191	60	58.5
10	CNVR_403	99558858	99578526	1	1			1		Gain	19669	99.558858	99.578526	60	58.5
10	CNVR_404	101705094	101774038	3	3			3		Gain	68945	101.705094	101.774038	60	58.5
10	CNVR_405	104060555	104169157	3	3			3		Gain	108603	104.060555	104.169157	60	58.5
11	CNVR_406	4164802	4225930	2	2		1	1		Mixed	61129	4.164802	4.22593	57	55.5
11	CNVR_407	4895956	5024435	1	1		1			Loss	128480	4.895956	5.024435	57	55.5
11	CNVR_408	9651152	9723257	1	1		1			Loss	72106	9.651152	9.723257	57	55.5
11	CNVR_409	10557842	10630544	1	1		1			Loss	72703	10.557842	10.630544	57	55.5
11	CNVR_410	14754856	15310374	2	2		2			Loss	555519	14.754856	15.310374	57	55.5
11	CNVR_411	18657945	18761593	1	1		1			Loss	103649	18.657945	18.761593	57	55.5
11	CNVR_412	20307979	20350454	7	7		5	2		Mixed	42476	20.307979	20.350454	57	55.5
11	CNVR_413	21273832	21411953	1	1		1			Loss	138122	21.273832	21.411953	57	55.5
11	CNVR_414	21729651	21787561	1	1			1		Gain	57911	21.729651	21.787561	57	55.5
11	CNVR_415	24539772	24571828	1	1			1		Gain	32057	24.539772	24.571828	57	55.5
11	CNVR_416	26002816	26778035	2	2		2			Loss	775220	26.002816	26.778035	57	55.5
11	CNVR_417	30508351	30551963	1	1		1			Loss	43613	30.508351	30.551963	57	55.5
11	CNVR_418	31967781	32045073	1	1		1			Loss	77293	31.967781	32.045073	57	55.5
11	CNVR_419	34053470	34147377	1	1		1			Loss	93908	34.05347	34.147377	57	55.5
11	CNVR_420	34273579	34450957	1	1		1			Loss	177379	34.273579	34.450957	57	55.5
11	CNVR_421	39888471	39917946	1	1			1		Gain	29476	39.888471	39.917946	57	55.5
11	CNVR_422	40875595	40926195	1	1		1			Loss	50601	40.875595	40.926195	57	55.5
11	CNVR_423	48066628	48307936	1	1		1			Loss	241309	48.066628	48.307936	57	55.5
11	CNVR_424	50330158	50376330	1	1		1			Loss	46173	50.330158	50.37633	57	55.5
11	CNVR_425	51893364	51959170	2	2		2			Loss	65807	51.893364	51.95917	57	55.5
11	CNVR_426	52294718	52589176	1	1			1		Gain	294459	52.294718	52.589176	57	55.5
11	CNVR_427	52843813	53132515	1	1			1		Gain	288703	52.843813	53.132515	57	55.5
11	CNVR_428	57227882	57458664	2	2			2		Gain	230783	57.227882	57.458664	57	55.5
11	CNVR_429	57882097	58442169	14	14	1	12	1		Mixed	560073	57.882097	58.442169	57	55.5
11	CNVR_430	59819328	59953372	1	1		1			Loss	134045	59.819328	59.953372	57	55.5
11	CNVR_431	62308426	62392223	4	4		2	2		Mixed	83798	62.308426	62.392223	57	55.5
11	CNVR_432	67016791	67092069	1	1			1		Gain	75279	67.016791	67.092069	57	55.5
11	CNVR_433	73292193	73361709	1	1		1			Loss	69517	73.292193	73.361709	57	55.5
11	CNVR_434	86965492	87049822	1	1		1			Loss	84331	86.965492	87.049822	57	55.5
11	CNVR_435	94181367	94358420	3	3		3			Loss	177054	94.181367	94.35842	57	55.5
11	CNVR_436	103264921	107282960	72	55		19	47	6	Mixed	4018040	103.264921	107.28296	57	55.5
12	CNVR_437	656896	965897	3	3		1	2		Mixed	309002	0.656896	0.965897	54	52.5
12	CNVR_438	3070920	3133307	1	1			1		Gain	62388	3.07092	3.133307	54	52.5
12	CNVR_439	7706111	7992972	6	6		3	3		Mixed	286862	7.706111	7.992972	54	52.5
12	CNVR_440	8987624	9079069	4	4		4			Loss	91446	8.987624	9.079069	54	52.5
12	CNVR_441	10027493	10140443	5	5		5			Loss	112951	10.027493	10.140443	54	52.5
12	CNVR_442	16187847	16218277	1	1			1		Gain	30431	16.187847	16.218277	54	52.5
12	CNVR_443	18096610	18115848	1	1			1		Gain	19239	18.09661	18.115848	54	52.5
12	CNVR_444	18472407	18621312	2	2			2		Gain	148906	18.472407	18.621312	54	52.5
12	CNVR_445	18961923	19094374	3	3			3		Gain	132452	18.961923	19.094374	54	52.5
12	CNVR_446	24668970	24744439	1	1		1			Loss	75470	24.66897	24.744439	54	52.5
12	CNVR_447	32089643	32251435	91	91	2	20	69		Mixed	161793	32.089643	32.251435	54	52.5
12	CNVR_448	41433032	41774341	5	5		5			Loss	341310	41.433032	41.774341	54	52.5
12	CNVR_449	42161347	42268880	1	1			1		Gain	107534	42.161347	42.26888	54	52.5
12	CNVR_450	42447248	43268811	21	21		16	5		Mixed	821564	42.447248	43.268811	54	52.5
12	CNVR_451	44945392	45196682	3	3		2	1		Mixed	251291	44.945392	45.196682	54	52.5
12	CNVR_452	45803408	45870499	3	3		3			Loss	67092	45.803408	45.870499	54	52.5
12	CNVR_453	48956332	49095991	2	2		1	1		Mixed	139660	48.956332	49.095991	54	52.5
12	CNVR_454	49318748	49360921	3	3		3			Loss	42174	49.318748	49.360921	54	52.5
12	CNVR_455	52546816	52734777	2	2		2			Loss	187962	52.546816	52.734777	54	52.5
12	CNVR_456	55525519	55583608	1	1		1			Loss	58090	55.525519	55.583608	54	52.5
12	CNVR_457	57683012	57803744	2	2		1	1		Mixed	120733	57.683012	57.803744	54	52.5
12	CNVR_458	58058087	58674770	49	48	1	44	4		Mixed	616684	58.058087	58.67477	54	52.5
12	CNVR_459	59108123	59239590	6	6			6		Gain	131468	59.108123	59.23959	54	52.5
12	CNVR_460	60314821	60568356	6	6		2	4		Mixed	253536	60.314821	60.568356	54	52.5
12	CNVR_461	61608282	61759245	3	3		3			Loss	150964	61.608282	61.759245	54	52.5
12	CNVR_462	61940033	61985662	1	1		1			Loss	45630	61.940033	61.985662	54	52.5
12	CNVR_463	63477827	63808345	5	5		5			Loss	330519	63.477827	63.808345	54	52.5
12	CNVR_464	63877940	63924613	2	2		2			Loss	46674	63.87794	63.924613	54	52.5
12	CNVR_465	64265529	64338643	1	1		1			Loss	73115	64.265529	64.338643	54	52.5
12	CNVR_466	64423410	64479833	1	1	1				Loss	56424	64.42341	64.479833	54	52.5
12	CNVR_467	64866107	64977456	2	2			2		Gain	111350	64.866107	64.977456	54	52.5
12	CNVR_468	70488515	70618867	15	15	2	12	1		Mixed	130353	70.488515	70.618867	54	52.5
12	CNVR_469	70776064	70868927	2	2		2			Loss	92864	70.776064	70.868927	54	52.5
12	CNVR_470	72419043	72819475	29	29	1	28			Loss	400433	72.419043	72.819475	54	52.5
12	CNVR_471	73363460	73497775	8	8	1	2	5		Mixed	134316	73.36346	73.497775	54	52.5
12	CNVR_472	75255512	76140566	58	52	1	8	49		Mixed	885055	75.255512	76.140566	54	52.5
12	CNVR_473	76710313	76761259	3	3			3		Gain	50947	76.710313	76.761259	54	52.5
12	CNVR_474	82146455	82234423	26	26	7	19			Loss	87969	82.146455	82.234423	54	52.5
12	CNVR_475	84170413	84219769	1	1			1		Gain	49357	84.170413	84.219769	54	52.5
12	CNVR_476	84979353	85040905	1	1			1		Gain	61553	84.979353	85.040905	54	52.5
12	CNVR_477	85134208	85153361	1	1			1		Gain	19154	85.134208	85.153361	54	52.5
12	CNVR_478	87614984	87713590	1	1		1			Loss	98607	87.614984	87.71359	54	52.5
12	CNVR_479	90077862	90704572	4	4			4		Gain	626711	90.077862	90.704572	54	52.5
12	CNVR_480	90805949	90841961	1	1			1		Gain	36013	90.805949	90.841961	54	52.5
13	CNVR_481	10898488	10947084	1	1		1			Loss	48597	10.898488	10.947084	51	49.5
13	CNVR_482	12337975	12436043	3	3		1	2		Mixed	98069	12.337975	12.436043	51	49.5
13	CNVR_483	12543348	12808180	2	2			2		Gain	264833	12.543348	12.80818	51	49.5
13	CNVR_484	18066756	18175649	2	2		2			Loss	108894	18.066756	18.175649	51	49.5
13	CNVR_485	20225194	20545039	9	9		8	1		Mixed	319846	20.225194	20.545039	51	49.5
13	CNVR_486	21837701	21849615	4	4		4			Loss	11915	21.837701	21.849615	51	49.5
13	CNVR_487	25949166	26092531	4	4		4			Loss	143366	25.949166	26.092531	51	49.5
13	CNVR_488	27768125	27856692	2	2		2			Loss	88568	27.768125	27.856692	51	49.5
13	CNVR_489	31136924	31199165	1	1		1			Loss	62242	31.136924	31.199165	51	49.5
13	CNVR_490	32353276	32449211	4	4		2	2		Mixed	95936	32.353276	32.449211	51	49.5
13	CNVR_491	32511358	32549797	1	1		1			Loss	38440	32.511358	32.549797	51	49.5
13	CNVR_492	34088214	34218693	1	1		1			Loss	130480	34.088214	34.218693	51	49.5
13	CNVR_493	35528832	35615849	1	1		1			Loss	87018	35.528832	35.615849	51	49.5
13	CNVR_494	36918152	37145268	1	1		1			Loss	227117	36.918152	37.145268	51	49.5
13	CNVR_495	40972213	41035630	2	2		2			Loss	63418	40.972213	41.03563	51	49.5
13	CNVR_496	41678593	41693700	11	11		3	8		Mixed	15108	41.678593	41.6937	51	49.5
13	CNVR_497	43643509	43790405	42	42			42		Gain	146897	43.643509	43.790405	51	49.5
13	CNVR_498	46502709	46530325	2	2			2		Gain	27617	46.502709	46.530325	51	49.5
13	CNVR_499	50407864	50607191	2	2		2			Loss	199328	50.407864	50.607191	51	49.5
13	CNVR_500	53933240	54043428	2	2	2				Loss	110189	53.93324	54.043428	51	49.5
13	CNVR_501	54663649	55426095	8	8			8		Gain	762447	54.663649	55.426095	51	49.5
13	CNVR_502	55594826	55613243	3	3		3			Loss	18418	55.594826	55.613243	51	49.5
13	CNVR_503	57876144	58099969	1	1		1			Loss	223826	57.876144	58.099969	51	49.5
13	CNVR_504	66717189	66727403	1	1		1			Loss	10215	66.717189	66.727403	51	49.5
13	CNVR_505	67490759	67530414	1	1			1		Gain	39656	67.490759	67.530414	51	49.5
13	CNVR_506	78238893	78282460	5	5		1	4		Mixed	43568	78.238893	78.28246	51	49.5
13	CNVR_507	82264829	82287584	1	1		1			Loss	22756	82.264829	82.287584	51	49.5
14	CNVR_508	1651311	2239085	6	6		2	4		Mixed	587775	1.651311	2.239085	48	46.5
14	CNVR_509	2264522	2488265	4	4		2	2		Mixed	223744	2.264522	2.488265	48	46.5
14	CNVR_510	3153520	3548691	1	1			1		Gain	395172	3.15352	3.548691	48	46.5
14	CNVR_511	3620640	3685543	1	1		1			Loss	64904	3.62064	3.685543	48	46.5
14	CNVR_512	19993440	20421717	6	6			6		Gain	428278	19.99344	20.421717	48	46.5
14	CNVR_513	23638459	23685731	2	2			2		Gain	47273	23.638459	23.685731	48	46.5
14	CNVR_514	26794576	26810988	1	1		1			Loss	16413	26.794576	26.810988	48	46.5
14	CNVR_515	26841503	26905915	2	2		2			Loss	64413	26.841503	26.905915	48	46.5
14	CNVR_516	27408939	27463991	4	4			4		Gain	55053	27.408939	27.463991	48	46.5
14	CNVR_517	33417077	33510162	1	1		1			Loss	93086	33.417077	33.510162	48	46.5
14	CNVR_518	41433649	41518493	1	1		1			Loss	84845	41.433649	41.518493	48	46.5
14	CNVR_519	53328003	53371542	1	1			1		Gain	43540	53.328003	53.371542	48	46.5
14	CNVR_520	55219280	55910671	6	6		3	3		Mixed	691392	55.21928	55.910671	48	46.5
14	CNVR_521	60215944	60249222	1	1			1		Gain	33279	60.215944	60.249222	48	46.5
14	CNVR_522	66725671	67048933	1	1		1			Loss	323263	66.725671	67.048933	48	46.5
14	CNVR_523	74372426	74414864	1	1			1		Gain	42439	74.372426	74.414864	48	46.5
14	CNVR_524	77329830	77390927	1	1		1			Loss	61098	77.32983	77.390927	48	46.5
14	CNVR_525	78336871	78386690	30	30	5	25			Loss	49820	78.336871	78.38669	48	46.5
14	CNVR_526	79178022	79315318	2	2		2			Loss	137297	79.178022	79.315318	48	46.5
14	CNVR_527	80422782	80603981	5	5		2	3		Mixed	181200	80.422782	80.603981	48	46.5
14	CNVR_528	81097513	81125493	1	1			1		Gain	27981	81.097513	81.125493	48	46.5
14	CNVR_529	81584369	81647927	2	2			2		Gain	63559	81.584369	81.647927	48	46.5
14	CNVR_530	83652503	83853220	1	1		1			Loss	200718	83.652503	83.85322	48	46.5
14	CNVR_531	84594318	84628243	1	1			1		Gain	33926	84.594318	84.628243	48	46.5
15	CNVR_532	192584	430394	5	5		2	3		Mixed	237811	0.192584	0.430394	45	43.5
15	CNVR_533	2551329	2576339	5	5			5		Gain	25011	2.551329	2.576339	45	43.5
15	CNVR_534	3212853	3369565	5	5		5			Loss	156713	3.212853	3.369565	45	43.5
15	CNVR_535	3996271	4071222	1	1		1			Loss	74952	3.996271	4.071222	45	43.5
15	CNVR_536	6612281	6679978	1	1			1		Gain	67698	6.612281	6.679978	45	43.5
15	CNVR_537	10991066	11197384	2	2		1	1		Mixed	206319	10.991066	11.197384	45	43.5
15	CNVR_538	11439502	11715623	4	4		2	2		Mixed	276122	11.439502	11.715623	45	43.5
15	CNVR_539	11967665	12088152	4	4		1	3		Mixed	120488	11.967665	12.088152	45	43.5
15	CNVR_540	20590237	20737282	2	2		2			Loss	147046	20.590237	20.737282	45	43.5
15	CNVR_541	29871540	29985272	1	1			1		Gain	113733	29.87154	29.985272	45	43.5
15	CNVR_542	38366974	38519493	1	1		1			Loss	152520	38.366974	38.519493	45	43.5
15	CNVR_543	45172230	45214807	1	1			1		Gain	42578	45.17223	45.214807	45	43.5
15	CNVR_544	45479580	45540133	1	1		1			Loss	60554	45.47958	45.540133	45	43.5
15	CNVR_545	46539222	46605212	4	4			4		Gain	65991	46.539222	46.605212	45	43.5
15	CNVR_546	46651173	46975690	8	8			8		Gain	324518	46.651173	46.97569	45	43.5
15	CNVR_547	47873132	47968279	10	10			10		Gain	95148	47.873132	47.968279	45	43.5
15	CNVR_548	48022950	48075574	1	1			1		Gain	52625	48.02295	48.075574	45	43.5
15	CNVR_549	50409037	50444721	2	2			2		Gain	35685	50.409037	50.444721	45	43.5
15	CNVR_550	52290626	52421203	1	1		1			Loss	130578	52.290626	52.421203	45	43.5
15	CNVR_551	53963778	54005235	1	1		1			Loss	41458	53.963778	54.005235	45	43.5
15	CNVR_552	56546863	56736391	2	2		2			Loss	189529	56.546863	56.736391	45	43.5
15	CNVR_553	57620485	57733709	1	1		1			Loss	113225	57.620485	57.733709	45	43.5
15	CNVR_554	62630856	62647758	1	1			1		Gain	16903	62.630856	62.647758	45	43.5
15	CNVR_555	69070978	69124726	1	1			1		Gain	53749	69.070978	69.124726	45	43.5
15	CNVR_556	70597937	70921852	2	2		1	1		Mixed	323916	70.597937	70.921852	45	43.5
15	CNVR_557	71069477	71363838	5	5		4	1		Mixed	294362	71.069477	71.363838	45	43.5
15	CNVR_558	74297570	74365136	1	1		1			Loss	67567	74.29757	74.365136	45	43.5
15	CNVR_559	74461397	74518742	1	1		1			Loss	57346	74.461397	74.518742	45	43.5
15	CNVR_560	80033854	80069939	1	1		1			Loss	36086	80.033854	80.069939	45	43.5
15	CNVR_561	80280657	80842722	56	56	2	30	24		Mixed	562066	80.280657	80.842722	45	43.5
15	CNVR_562	80991339	81076017	3	3		1	2		Mixed	84679	80.991339	81.076017	45	43.5
15	CNVR_563	81488498	81513752	1	1			1		Gain	25255	81.488498	81.513752	45	43.5
15	CNVR_564	85132419	85272311	1	1			1		Gain	139893	85.132419	85.272311	45	43.5
16	CNVR_565	2306627	2321416	1	1			1		Gain	14790	2.306627	2.321416	42	40.5
16	CNVR_566	5584314	6125517	16	16	1	13	2		Mixed	541204	5.584314	6.125517	42	40.5
16	CNVR_567	8405022	8457522	4	4		1	3		Mixed	52501	8.405022	8.457522	42	40.5
16	CNVR_568	10859069	10958964	1	1		1			Loss	99896	10.859069	10.958964	42	40.5
16	CNVR_569	15118639	15537023	6	6		2	4		Mixed	418385	15.118639	15.537023	42	40.5
16	CNVR_570	16788521	16880383	3	3		3			Loss	91863	16.788521	16.880383	42	40.5
16	CNVR_571	27091029	27164390	1	1		1			Loss	73362	27.091029	27.16439	42	40.5
16	CNVR_572	28229247	28270797	1	1		1			Loss	41551	28.229247	28.270797	42	40.5
16	CNVR_573	28863840	28949332	2	2		2			Loss	85493	28.86384	28.949332	42	40.5
16	CNVR_574	30962706	31255320	1	1		1			Loss	292615	30.962706	31.25532	42	40.5
16	CNVR_575	33515802	33613674	1	1		1			Loss	97873	33.515802	33.613674	42	40.5
16	CNVR_576	34094009	34354132	6	6		6			Loss	260124	34.094009	34.354132	42	40.5
16	CNVR_577	50414751	50966489	4	4		4			Loss	551739	50.414751	50.966489	42	40.5
16	CNVR_578	51095203	51214395	2	2			2		Gain	119193	51.095203	51.214395	42	40.5
16	CNVR_579	51267407	51460884	1	1			1		Gain	193478	51.267407	51.460884	42	40.5
16	CNVR_580	56668701	56803437	3	3		3			Loss	134737	56.668701	56.803437	42	40.5
16	CNVR_581	57829170	57855149	1	1			1		Gain	25980	57.82917	57.855149	42	40.5
16	CNVR_582	61020819	61064265	1	1		1			Loss	43447	61.020819	61.064265	42	40.5
16	CNVR_583	61995348	62220133	18	18			18		Gain	224786	61.995348	62.220133	42	40.5
16	CNVR_584	63687923	63721883	1	1			1		Gain	33961	63.687923	63.721883	42	40.5
16	CNVR_585	70882322	70906202	1	1			1		Gain	23881	70.882322	70.906202	42	40.5
16	CNVR_586	71349209	71431541	1	1			1		Gain	82333	71.349209	71.431541	42	40.5
16	CNVR_587	78059640	78134822	1	1		1			Loss	75183	78.05964	78.134822	42	40.5
16	CNVR_588	78498476	78553509	1	1		1			Loss	55034	78.498476	78.553509	42	40.5
17	CNVR_589	6780652	6834140	2	2			2		Gain	53489	6.780652	6.83414	39	37.5
17	CNVR_590	6875650	7144481	3	3		3			Loss	268832	6.87565	7.144481	39	37.5
17	CNVR_591	8815216	8940106	3	3		2	1		Mixed	124891	8.815216	8.940106	39	37.5
17	CNVR_592	21319214	21627514	4	4		4			Loss	308301	21.319214	21.627514	39	37.5
17	CNVR_593	22889724	23431642	9	9		8	1		Mixed	541919	22.889724	23.431642	39	37.5
17	CNVR_594	23903929	23942252	1	1			1		Gain	38324	23.903929	23.942252	39	37.5
17	CNVR_595	24308458	24539327	4	4		4			Loss	230870	24.308458	24.539327	39	37.5
17	CNVR_596	26793994	26896170	1	1		1			Loss	102177	26.793994	26.89617	39	37.5
17	CNVR_597	27097698	27452276	7	7		5	2		Mixed	354579	27.097698	27.452276	39	37.5
17	CNVR_598	32096554	32160025	1	1		1			Loss	63472	32.096554	32.160025	39	37.5
17	CNVR_599	34933710	35050237	1	1		1			Loss	116528	34.93371	35.050237	39	37.5
17	CNVR_600	39437952	39505279	1	1		1			Loss	67328	39.437952	39.505279	39	37.5
17	CNVR_601	42422307	42685587	4	4		4			Loss	263281	42.422307	42.685587	39	37.5
17	CNVR_602	55118382	55314133	2	2		2			Loss	195752	55.118382	55.314133	39	37.5
17	CNVR_603	56310258	56514551	1	1		1			Loss	204294	56.310258	56.514551	39	37.5
17	CNVR_604	59344670	59449631	7	7			5	2	Gain	104962	59.34467	59.449631	39	37.5
17	CNVR_605	60881278	61082159	1	1		1			Loss	200882	60.881278	61.082159	39	37.5
17	CNVR_606	67975896	68052478	1	1		1			Loss	76583	67.975896	68.052478	39	37.5
17	CNVR_607	73291697	75132928	47	40		15	29	3	Mixed	1841232	73.291697	75.132928	39	37.5
18	CNVR_608	2698908	2840354	1	1		1			Loss	141447	2.698908	2.840354	36	34.5
18	CNVR_609	5593975	5684886	1	1		1			Loss	90912	5.593975	5.684886	36	34.5
18	CNVR_610	12418878	12519571	1	1			1		Gain	100694	12.418878	12.519571	36	34.5
18	CNVR_611	13346768	13415468	1	1			1		Gain	68701	13.346768	13.415468	36	34.5
18	CNVR_612	13811610	13974114	1	1		1			Loss	162505	13.81161	13.974114	36	34.5
18	CNVR_613	15547815	15883183	2	2		1	1		Mixed	335369	15.547815	15.883183	36	34.5
18	CNVR_614	16836655	16869103	1	1		1			Loss	32449	16.836655	16.869103	36	34.5
18	CNVR_615	25906797	26085825	1	1		1			Loss	179029	25.906797	26.085825	36	34.5
18	CNVR_616	27235807	27304159	2	2		2			Loss	68353	27.235807	27.304159	36	34.5
18	CNVR_617	27529633	27649787	2	2		2			Loss	120155	27.529633	27.649787	36	34.5
18	CNVR_618	27983784	28308045	2	2			2		Gain	324262	27.983784	28.308045	36	34.5
18	CNVR_619	36757115	36895563	1	1		1			Loss	138449	36.757115	36.895563	36	34.5
18	CNVR_620	48200818	48217729	1	1		1			Loss	16912	48.200818	48.217729	36	34.5
18	CNVR_621	57516245	57565406	1	1			1		Gain	49162	57.516245	57.565406	36	34.5
18	CNVR_622	61156737	61172967	1	1			1		Gain	16231	61.156737	61.172967	36	34.5
18	CNVR_623	61206414	61241191	1	1			1		Gain	34778	61.206414	61.241191	36	34.5
18	CNVR_624	63359526	63423120	1	1			1		Gain	63595	63.359526	63.42312	36	34.5
18	CNVR_625	63672441	63710811	1	1		1			Loss	38371	63.672441	63.710811	36	34.5
18	CNVR_626	65892176	65999195	5	5			3	2	Gain	107020	65.892176	65.999195	36	34.5
19	CNVR_627	3247474	3273393	1	1			1		Gain	25920	3.247474	3.273393	33	31.5
19	CNVR_628	7761493	7856040	12	12		12			Loss	94548	7.761493	7.85604	33	31.5
19	CNVR_629	9896033	9980268	8	8			8		Gain	84236	9.896033	9.980268	33	31.5
19	CNVR_630	10114361	10377677	1	1		1			Loss	263317	10.114361	10.377677	33	31.5
19	CNVR_631	10426372	10457357	1	1			1		Gain	30986	10.426372	10.457357	33	31.5
19	CNVR_632	11049355	11199299	2	2			2		Gain	149945	11.049355	11.199299	33	31.5
19	CNVR_633	11341602	11435269	1	1		1			Loss	93668	11.341602	11.435269	33	31.5
19	CNVR_634	11516852	11672305	3	3		3			Loss	155454	11.516852	11.672305	33	31.5
19	CNVR_635	12506188	12592024	1	1			1		Gain	85837	12.506188	12.592024	33	31.5
19	CNVR_636	13992324	14062783	1	1		1			Loss	70460	13.992324	14.062783	33	31.5
19	CNVR_637	14543123	14606603	2	2			2		Gain	63481	14.543123	14.606603	33	31.5
19	CNVR_638	18232821	18299083	2	2		2			Loss	66263	18.232821	18.299083	33	31.5
19	CNVR_639	18351965	18467274	1	1			1		Gain	115310	18.351965	18.467274	33	31.5
19	CNVR_640	18943093	19047484	1	1		1			Loss	104392	18.943093	19.047484	33	31.5
19	CNVR_641	24752222	24812617	1	1			1		Gain	60396	24.752222	24.812617	33	31.5
19	CNVR_642	27602402	27643677	2	2			2		Gain	41276	27.602402	27.643677	33	31.5
19	CNVR_643	32113206	32239821	1	1		1			Loss	126616	32.113206	32.239821	33	31.5
19	CNVR_644	39064320	39126656	1	1			1		Gain	62337	39.06432	39.126656	33	31.5
19	CNVR_645	42064863	42089455	1	1			1		Gain	24593	42.064863	42.089455	33	31.5
19	CNVR_646	46723662	46908534	2	2		2			Loss	184873	46.723662	46.908534	33	31.5
19	CNVR_647	47507587	47649610	1	1		1			Loss	142024	47.507587	47.64961	33	31.5
19	CNVR_648	48050643	48389861	3	3		3			Loss	339219	48.050643	48.389861	33	31.5
19	CNVR_649	49621708	49818910	1	1		1			Loss	197203	49.621708	49.81891	33	31.5
19	CNVR_650	51370101	51720852	3	3		2	1		Mixed	350752	51.370101	51.720852	33	31.5
19	CNVR_651	52740740	52872517	4	4		2	2		Mixed	131778	52.74074	52.872517	33	31.5
19	CNVR_652	55101341	55191677	1	1			1		Gain	90337	55.101341	55.191677	33	31.5
19	CNVR_653	56129958	56136270	1	1		1			Loss	6313	56.129958	56.13627	33	31.5
19	CNVR_654	56955428	56993243	1	1			1		Gain	37816	56.955428	56.993243	33	31.5
2	CNVR_51	160777	211641	1	1		1			Loss	50865	0.160777	0.211641	84	82.5
2	CNVR_52	2254298	2303356	5	5		5			Loss	49059	2.254298	2.303356	84	82.5
2	CNVR_53	4720583	4792312	1	1		1			Loss	71730	4.720583	4.792312	84	82.5
2	CNVR_54	8933349	9454144	15	15		14	1		Mixed	520796	8.933349	9.454144	84	82.5
2	CNVR_55	10192170	10306844	1	1		1			Loss	114675	10.19217	10.306844	84	82.5
2	CNVR_56	11210592	11263622	1	1		1			Loss	53031	11.210592	11.263622	84	82.5
2	CNVR_57	12236359	12303941	3	3		3			Loss	67583	12.236359	12.303941	84	82.5
2	CNVR_58	19335330	19423385	2	2		2			Loss	88056	19.33533	19.423385	84	82.5
2	CNVR_59	24714894	25093953	4	4		4			Loss	379060	24.714894	25.093953	84	82.5
2	CNVR_60	25438405	25638543	3	3	1	2			Loss	200139	25.438405	25.638543	84	82.5
2	CNVR_61	26362611	26460035	9	9		7	2		Mixed	97425	26.362611	26.460035	84	82.5
2	CNVR_62	26581537	26663654	1	1			1		Gain	82118	26.581537	26.663654	84	82.5
2	CNVR_63	27366556	28035273	24	23		1	23		Mixed	668718	27.366556	28.035273	84	82.5
2	CNVR_64	29773324	29812959	1	1		1			Loss	39636	29.773324	29.812959	84	82.5
2	CNVR_65	33138898	33255910	1	1		1			Loss	117013	33.138898	33.25591	84	82.5
2	CNVR_66	35852731	35898373	3	3		2	1		Mixed	45643	35.852731	35.898373	84	82.5
2	CNVR_67	36438945	36483235	1	1			1		Gain	44291	36.438945	36.483235	84	82.5
2	CNVR_68	41251021	41304807	2	2			2		Gain	53787	41.251021	41.304807	84	82.5
2	CNVR_69	42042712	42293689	1	1			1		Gain	250978	42.042712	42.293689	84	82.5
2	CNVR_70	48116316	48169527	1	1		1			Loss	53212	48.116316	48.169527	84	82.5
2	CNVR_71	53200694	53749577	5	5		5			Loss	548884	53.200694	53.749577	84	82.5
2	CNVR_72	56062423	56284958	3	3		2	1		Mixed	222536	56.062423	56.284958	84	82.5
2	CNVR_73	56357825	56394043	1	1			1		Gain	36219	56.357825	56.394043	84	82.5
2	CNVR_74	56456865	56539467	2	2		2			Loss	82603	56.456865	56.539467	84	82.5
2	CNVR_75	57481115	57545373	3	3		3			Loss	64259	57.481115	57.545373	84	82.5
2	CNVR_76	62666783	62708028	1	1		1			Loss	41246	62.666783	62.708028	84	82.5
2	CNVR_77	63897151	64043648	36	36			36		Gain	146498	63.897151	64.043648	84	82.5
2	CNVR_78	64242565	64674458	1	1		1			Loss	431894	64.242565	64.674458	84	82.5
2	CNVR_79	67098288	67165879	1	1		1			Loss	67592	67.098288	67.165879	84	82.5
2	CNVR_80	68231252	68573495	2	2		2			Loss	342244	68.231252	68.573495	84	82.5
2	CNVR_81	70866552	70957217	1	1		1			Loss	90666	70.866552	70.957217	84	82.5
2	CNVR_82	77705241	77763225	1	1			1		Gain	57985	77.705241	77.763225	84	82.5
2	CNVR_83	78221995	78556325	6	6		4	2		Mixed	334331	78.221995	78.556325	84	82.5
2	CNVR_84	81705800	81865382	3	3		1	2		Mixed	159583	81.7058	81.865382	84	82.5
2	CNVR_85	81996941	82059515	1	1		1			Loss	62575	81.996941	82.059515	84	82.5
2	CNVR_86	98416238	98490521	2	2			2		Gain	74284	98.416238	98.490521	84	82.5
2	CNVR_87	109500850	109537765	1	1			1		Gain	36916	109.50085	109.537765	84	82.5
2	CNVR_88	111090957	111229939	1	1		1			Loss	138983	111.090957	111.229939	84	82.5
2	CNVR_89	113716333	113946668	1	1		1			Loss	230336	113.716333	113.946668	84	82.5
2	CNVR_90	115322601	115334808	9	9		9			Loss	12208	115.322601	115.334808	84	82.5
2	CNVR_91	116287862	116325646	4	4		4			Loss	37785	116.287862	116.325646	84	82.5
2	CNVR_92	120123192	120174934	4	4		3	1		Mixed	51743	120.123192	120.174934	84	82.5
2	CNVR_93	124336317	124398570	11	11		11			Loss	62254	124.336317	124.39857	84	82.5
2	CNVR_94	129657387	129705588	2	2			2		Gain	48202	129.657387	129.705588	84	82.5
2	CNVR_95	130381668	130511453	1	1		1			Loss	129786	130.381668	130.511453	84	82.5
20	CNVR_655	1097986	1196509	8	8			8		Gain	98524	1.097986	1.196509	30	28.5
20	CNVR_656	2695880	2886118	6	6		2	3	1	Mixed	190239	2.69588	2.886118	30	28.5
20	CNVR_657	4349864	4395656	1	1		1			Loss	45793	4.349864	4.395656	30	28.5
20	CNVR_658	6385223	6505111	1	1		1			Loss	119889	6.385223	6.505111	30	28.5
20	CNVR_659	6658421	6736039	1	1			1		Gain	77619	6.658421	6.736039	30	28.5
20	CNVR_660	9944380	9990379	1	1		1			Loss	46000	9.94438	9.990379	30	28.5
20	CNVR_661	10315515	10424451	1	1			1		Gain	108937	10.315515	10.424451	30	28.5
20	CNVR_662	11339161	11383301	1	1				1	Gain	44141	11.339161	11.383301	30	28.5
20	CNVR_663	12042259	12066568	1	1			1		Gain	24310	12.042259	12.066568	30	28.5
20	CNVR_664	16892519	16939858	1	1		1			Loss	47340	16.892519	16.939858	30	28.5
20	CNVR_665	19520788	19630317	3	3		3			Loss	109530	19.520788	19.630317	30	28.5
20	CNVR_666	21859742	21930618	1	1		1			Loss	70877	21.859742	21.930618	30	28.5
20	CNVR_667	22292215	22462915	2	2		1	1		Mixed	170701	22.292215	22.462915	30	28.5
20	CNVR_668	23825955	23886196	1	1		1			Loss	60242	23.825955	23.886196	30	28.5
20	CNVR_669	25535571	25597446	1	1			1		Gain	61876	25.535571	25.597446	30	28.5
20	CNVR_670	33627823	33725417	2	2			2		Gain	97595	33.627823	33.725417	30	28.5
20	CNVR_671	35249040	35502694	3	3		3			Loss	253655	35.24904	35.502694	30	28.5
20	CNVR_672	36840675	37297072	4	4		4			Loss	456398	36.840675	37.297072	30	28.5
20	CNVR_673	43217538	43381899	2	2		1	1		Mixed	164362	43.217538	43.381899	30	28.5
20	CNVR_674	43781018	43889666	1	1		1			Loss	108649	43.781018	43.889666	30	28.5
20	CNVR_675	44211339	44237027	1	1			1		Gain	25689	44.211339	44.237027	30	28.5
20	CNVR_676	44800524	44838496	1	1			1		Gain	37973	44.800524	44.838496	30	28.5
20	CNVR_677	45966446	46107652	3	3			3		Gain	141207	45.966446	46.107652	30	28.5
20	CNVR_678	47032305	47299949	8	8		7	1		Mixed	267645	47.032305	47.299949	30	28.5
20	CNVR_679	49339693	49592680	3	3		1	2		Mixed	252988	49.339693	49.59268	30	28.5
20	CNVR_680	50382552	50387798	1	1		1			Loss	5247	50.382552	50.387798	30	28.5
20	CNVR_681	51611016	52183095	6	6		4	2		Mixed	572080	51.611016	52.183095	30	28.5
20	CNVR_682	53097198	53364573	2	2			2		Gain	267376	53.097198	53.364573	30	28.5
20	CNVR_683	53717692	53855915	1	1		1			Loss	138224	53.717692	53.855915	30	28.5
20	CNVR_684	54584766	54833709	3	3			3		Gain	248944	54.584766	54.833709	30	28.5
20	CNVR_685	59957296	60129830	4	4		2	2		Mixed	172535	59.957296	60.12983	30	28.5
20	CNVR_686	61290583	61392361	6	6		6			Loss	101779	61.290583	61.392361	30	28.5
20	CNVR_687	67627454	67680263	1	1			1		Gain	52810	67.627454	67.680263	30	28.5
20	CNVR_688	68416149	68509279	1	1		1			Loss	93131	68.416149	68.509279	30	28.5
20	CNVR_689	70752003	71971771	34	32		6	28		Mixed	1219769	70.752003	71.971771	30	28.5
21	CNVR_690	5660254	5690539	1	1	1				Loss	30286	5.660254	5.690539	27	25.5
21	CNVR_691	12262664	12408772	1	1		1			Loss	146109	12.262664	12.408772	27	25.5
21	CNVR_692	18061757	18077750	1	1			1		Gain	15994	18.061757	18.07775	27	25.5
21	CNVR_693	21744615	21859000	1	1		1			Loss	114386	21.744615	21.859	27	25.5
21	CNVR_694	22611195	22668633	1	1			1		Gain	57439	22.611195	22.668633	27	25.5
21	CNVR_695	29654748	29762241	1	1			1		Gain	107494	29.654748	29.762241	27	25.5
21	CNVR_696	30881502	30908358	1	1		1			Loss	26857	30.881502	30.908358	27	25.5
21	CNVR_697	31741962	31817000	1	1		1			Loss	75039	31.741962	31.817	27	25.5
21	CNVR_698	32565592	32669870	1	1			1		Gain	104279	32.565592	32.66987	27	25.5
21	CNVR_699	33084547	33113989	1	1			1		Gain	29443	33.084547	33.113989	27	25.5
21	CNVR_700	33460066	33515083	4	4		3	1		Mixed	55018	33.460066	33.515083	27	25.5
21	CNVR_701	35167547	35248081	1	1			1		Gain	80535	35.167547	35.248081	27	25.5
21	CNVR_702	37926564	37993399	7	7		6		1	Mixed	66836	37.926564	37.993399	27	25.5
21	CNVR_703	42275591	42357276	2	2		2			Loss	81686	42.275591	42.357276	27	25.5
21	CNVR_704	51126328	51138460	1	1		1			Loss	12133	51.126328	51.13846	27	25.5
21	CNVR_705	52335388	52490155	4	4		4			Loss	154768	52.335388	52.490155	27	25.5
21	CNVR_706	52771584	53268658	2	2		1	1		Mixed	497075	52.771584	53.268658	27	25.5
21	CNVR_707	53743008	53779256	1	1		1			Loss	36249	53.743008	53.779256	27	25.5
21	CNVR_708	54181213	54208626	2	2		2			Loss	27414	54.181213	54.208626	27	25.5
21	CNVR_709	57072442	57114065	1	1			1		Gain	41624	57.072442	57.114065	27	25.5
21	CNVR_710	66679072	66729354	1	1		1			Loss	50283	66.679072	66.729354	27	25.5
21	CNVR_711	67413039	67542721	1	1		1			Loss	129683	67.413039	67.542721	27	25.5
21	CNVR_712	70294301	71573501	15	13		6	9		Mixed	1279201	70.294301	71.573501	27	25.5
22	CNVR_713	7124637	7186161	1	1			1		Gain	61525	7.124637	7.186161	24	22.5
22	CNVR_714	9165638	9429836	1	1		1			Loss	264199	9.165638	9.429836	24	22.5
22	CNVR_715	16248045	16342830	1	1		1			Loss	94786	16.248045	16.34283	24	22.5
22	CNVR_716	17654297	17750153	1	1	1				Loss	95857	17.654297	17.750153	24	22.5
22	CNVR_717	27856677	27911829	1	1			1		Gain	55153	27.856677	27.911829	24	22.5
22	CNVR_718	32599934	32629919	1	1			1		Gain	29986	32.599934	32.629919	24	22.5
22	CNVR_719	34085996	34114438	1	1		1			Loss	28443	34.085996	34.114438	24	22.5
22	CNVR_720	48712118	48846711	4	4		4			Loss	134594	48.712118	48.846711	24	22.5
22	CNVR_721	49462432	49739973	1	1			1		Gain	277542	49.462432	49.739973	24	22.5
22	CNVR_722	58896426	59642976	3	3			3		Gain	746551	58.896426	59.642976	24	22.5
22	CNVR_723	60038437	60143914	3	3		2		1	Mixed	105478	60.038437	60.143914	24	22.5
22	CNVR_724	60272991	61378199	9	9		2	7		Mixed	1105209	60.272991	61.378199	24	22.5
23	CNVR_725	14580054	14873800	1	1			1		Gain	293747	14.580054	14.8738	21	19.5
23	CNVR_726	16536674	16612406	2	2			2		Gain	75733	16.536674	16.612406	21	19.5
23	CNVR_727	26180182	26369699	16	16		3	13		Mixed	189518	26.180182	26.369699	21	19.5
23	CNVR_728	27759950	27903991	5	5			5		Gain	144042	27.75995	27.903991	21	19.5
23	CNVR_729	28341860	28413350	1	1			1		Gain	71491	28.34186	28.41335	21	19.5
23	CNVR_730	29006685	29126339	2	2			2		Gain	119655	29.006685	29.126339	21	19.5
23	CNVR_731	30383571	30574212	3	3			3		Gain	190642	30.383571	30.574212	21	19.5
23	CNVR_732	30711619	30757886	1	1			1		Gain	46268	30.711619	30.757886	21	19.5
23	CNVR_733	31338261	31726418	7	6			5	2	Gain	388158	31.338261	31.726418	21	19.5
23	CNVR_734	32928987	32981013	1	1			1		Gain	52027	32.928987	32.981013	21	19.5
23	CNVR_735	42992055	43047899	3	3		3			Loss	55845	42.992055	43.047899	21	19.5
23	CNVR_736	52404772	52465632	2	2			2		Gain	60861	52.404772	52.465632	21	19.5
24	CNVR_737	10184151	10269985	2	2			2		Gain	85835	10.184151	10.269985	18	16.5
24	CNVR_738	11645293	11726699	1	1			1		Gain	81407	11.645293	11.726699	18	16.5
24	CNVR_739	13158889	13331435	1	1			1		Gain	172547	13.158889	13.331435	18	16.5
24	CNVR_740	13461216	13521424	1	1		1			Loss	60209	13.461216	13.521424	18	16.5
24	CNVR_741	24582206	24620212	2	2		2			Loss	38007	24.582206	24.620212	18	16.5
24	CNVR_742	26728443	26737286	1	1			1		Gain	8844	26.728443	26.737286	18	16.5
24	CNVR_743	26829054	26838179	1	1		1			Loss	9126	26.829054	26.838179	18	16.5
24	CNVR_744	26910934	26961305	1	1		1			Loss	50372	26.910934	26.961305	18	16.5
24	CNVR_745	27068378	27073285	1	1			1		Gain	4908	27.068378	27.073285	18	16.5
24	CNVR_746	27235930	27246218	1	1		1			Loss	10289	27.23593	27.246218	18	16.5
24	CNVR_747	27284870	27347629	1	1			1		Gain	62760	27.28487	27.347629	18	16.5
24	CNVR_748	27506389	27509823	2	2		2			Loss	3435	27.506389	27.509823	18	16.5
24	CNVR_749	27610913	27621842	1	1			1		Gain	10930	27.610913	27.621842	18	16.5
24	CNVR_750	27735133	27838377	1	1			1		Gain	103245	27.735133	27.838377	18	16.5
24	CNVR_751	28060569	28175885	1	1		1			Loss	115317	28.060569	28.175885	18	16.5
24	CNVR_752	38690535	38729638	1	1			1		Gain	39104	38.690535	38.729638	18	16.5
24	CNVR_753	41829351	41970218	3	3		3			Loss	140868	41.829351	41.970218	18	16.5
24	CNVR_754	42541228	42608970	2	2		2			Loss	67743	42.541228	42.60897	18	16.5
24	CNVR_755	44116929	44155534	2	2		2			Loss	38606	44.116929	44.155534	18	16.5
24	CNVR_756	50880573	50931360	1	1		1			Loss	50788	50.880573	50.93136	18	16.5
24	CNVR_757	54164968	54204348	1	1			1		Gain	39381	54.164968	54.204348	18	16.5
24	CNVR_758	60441853	60476719	1	1			1		Gain	34867	60.441853	60.476719	18	16.5
25	CNVR_759	173462	1771425	49	43		19	29	1	Mixed	1597964	0.173462	1.771425	15	13.5
25	CNVR_760	2317028	2424799	2	2			2		Gain	107772	2.317028	2.424799	15	13.5
25	CNVR_761	9621091	9690819	4	4			4		Gain	69729	9.621091	9.690819	15	13.5
25	CNVR_762	10109903	10139134	1	1		1			Loss	29232	10.109903	10.139134	15	13.5
25	CNVR_763	13567579	13626127	1	1		1			Loss	58549	13.567579	13.626127	15	13.5
25	CNVR_764	16557358	16647252	4	4		3	1		Mixed	89895	16.557358	16.647252	15	13.5
25	CNVR_765	36448529	36625127	3	3			3		Gain	176599	36.448529	36.625127	15	13.5
25	CNVR_766	40387302	40436393	1	1		1			Loss	49092	40.387302	40.436393	15	13.5
25	CNVR_767	41115465	42657417	16	14		5	11		Mixed	1541953	41.115465	42.657417	15	13.5
26	CNVR_768	2965846	3087092	2	2		2			Loss	121247	2.965846	3.087092	12	10.5
26	CNVR_769	11332743	11443033	1	1			1		Gain	110291	11.332743	11.443033	12	10.5
26	CNVR_770	13758800	13814193	1	1			1		Gain	55394	13.7588	13.814193	12	10.5
26	CNVR_771	15851149	15868599	7	7		7			Loss	17451	15.851149	15.868599	12	10.5
26	CNVR_772	22037112	22215515	1	1		1			Loss	178404	22.037112	22.215515	12	10.5
26	CNVR_773	25691560	25776777	4	4		1	3		Mixed	85218	25.69156	25.776777	12	10.5
26	CNVR_774	28646529	28784693	2	2		2			Loss	138165	28.646529	28.784693	12	10.5
26	CNVR_775	30940158	30963937	1	1		1			Loss	23780	30.940158	30.963937	12	10.5
26	CNVR_776	35852738	36025446	6	6		1	5		Mixed	172709	35.852738	36.025446	12	10.5
26	CNVR_777	36158390	36236584	1	1			1		Gain	78195	36.15839	36.236584	12	10.5
26	CNVR_778	48187132	48223351	1	1		1			Loss	36220	48.187132	48.223351	12	10.5
26	CNVR_779	50803545	51625550	21	19		2	19		Mixed	822006	50.803545	51.62555	12	10.5
27	CNVR_780	8771109	8848885	3	3			3		Gain	77777	8.771109	8.848885	9	7.5
27	CNVR_781	9096031	9536610	1	1			1		Gain	440580	9.096031	9.53661	9	7.5
27	CNVR_782	9797323	10072578	9	9		8	1		Mixed	275256	9.797323	10.072578	9	7.5
27	CNVR_783	10697257	10767551	3	3		1	2		Mixed	70295	10.697257	10.767551	9	7.5
27	CNVR_784	21676934	21738070	1	1		1			Loss	61137	21.676934	21.73807	9	7.5
27	CNVR_785	22621161	22705701	1	1		1			Loss	84541	22.621161	22.705701	9	7.5
27	CNVR_786	26393469	26444012	1	1		1			Loss	50544	26.393469	26.444012	9	7.5
27	CNVR_787	29547672	29621503	3	3		3			Loss	73832	29.547672	29.621503	9	7.5
27	CNVR_788	33821790	33926784	1	1		1			Loss	104995	33.82179	33.926784	9	7.5
27	CNVR_789	43766200	43816848	2	2		2			Loss	50649	43.7662	43.816848	9	7.5
27	CNVR_790	45256006	45388171	1	1			1		Gain	132166	45.256006	45.388171	9	7.5
28	CNVR_791	1130202	1166081	1	1		1			Loss	35880	1.130202	1.166081	6	4.5
28	CNVR_792	2343606	2485319	3	3			3		Gain	141714	2.343606	2.485319	6	4.5
28	CNVR_793	2676437	2796204	1	1	1				Loss	119768	2.676437	2.796204	6	4.5
28	CNVR_794	3637555	3648435	2	2			2		Gain	10881	3.637555	3.648435	6	4.5
28	CNVR_795	8022387	8200649	4	4		3	1		Mixed	178263	8.022387	8.200649	6	4.5
28	CNVR_796	8573287	8598618	1	1		1			Loss	25332	8.573287	8.598618	6	4.5
28	CNVR_797	12221515	12268860	1	1			1		Gain	47346	12.221515	12.26886	6	4.5
28	CNVR_798	19140712	19509353	1	1		1			Loss	368642	19.140712	19.509353	6	4.5
28	CNVR_799	19587121	19643454	4	4		4			Loss	56334	19.587121	19.643454	6	4.5
28	CNVR_800	21762976	21892074	1	1			1		Gain	129099	21.762976	21.892074	6	4.5
28	CNVR_801	22941657	23075883	1	1		1			Loss	134227	22.941657	23.075883	6	4.5
28	CNVR_802	24480443	25386457	12	11		9	3		Mixed	906015	24.480443	25.386457	6	4.5
28	CNVR_803	28613311	29445044	4	4		4			Loss	831734	28.613311	29.445044	6	4.5
28	CNVR_804	30030868	30587017	2	2		2			Loss	556150	30.030868	30.587017	6	4.5
28	CNVR_805	33847185	33897208	1	1		1			Loss	50024	33.847185	33.897208	6	4.5
28	CNVR_806	35051834	35113955	3	3		1	2		Mixed	62122	35.051834	35.113955	6	4.5
28	CNVR_807	44421318	44824205	3	3		3			Loss	402888	44.421318	44.824205	6	4.5
29	CNVR_808	9461170	9542296	1	1			1		Gain	81127	9.46117	9.542296	3	1.5
29	CNVR_809	16907482	16937536	1	1		1			Loss	30055	16.907482	16.937536	3	1.5
29	CNVR_810	19397260	19484418	1	1		1			Loss	87159	19.39726	19.484418	3	1.5
29	CNVR_811	19758698	19778769	1	1		1			Loss	20072	19.758698	19.778769	3	1.5
29	CNVR_812	19852162	19865090	1	1		1			Loss	12929	19.852162	19.86509	3	1.5
29	CNVR_813	21608543	21637641	1	1		1			Loss	29099	21.608543	21.637641	3	1.5
29	CNVR_814	21852752	21987120	11	11		11			Loss	134369	21.852752	21.98712	3	1.5
29	CNVR_815	30113625	30132438	2	2		2			Loss	18814	30.113625	30.132438	3	1.5
29	CNVR_816	31413726	31529635	12	12		11	1		Mixed	115910	31.413726	31.529635	3	1.5
29	CNVR_817	31693910	31734709	1	1			1		Gain	40800	31.69391	31.734709	3	1.5
29	CNVR_818	39218128	39328350	1	1			1		Gain	110223	39.218128	39.32835	3	1.5
29	CNVR_819	46062895	46073378	1	1		1			Loss	10484	46.062895	46.073378	3	1.5
29	CNVR_820	46703510	46800709	4	4			4		Gain	97200	46.70351	46.800709	3	1.5
29	CNVR_821	49261366	51492483	17	15		2	15		Mixed	2231118	49.261366	51.492483	3	1.5
3	CNVR_96	413387	471545	1	1			1		Gain	58159	0.413387	0.471545	81	79.5
3	CNVR_97	16821631	16881296	2	2		2			Loss	59666	16.821631	16.881296	81	79.5
3	CNVR_98	20480189	20541753	1	1		1			Loss	61565	20.480189	20.541753	81	79.5
3	CNVR_99	20732147	20802121	1	1			1		Gain	69975	20.732147	20.802121	81	79.5
3	CNVR_100	20937478	21044052	1	1			1		Gain	106575	20.937478	21.044052	81	79.5
3	CNVR_101	28955936	29082177	1	1		1			Loss	126242	28.955936	29.082177	81	79.5
3	CNVR_102	31748152	31808404	1	1			1		Gain	60253	31.748152	31.808404	81	79.5
3	CNVR_103	32349008	32634203	1	1		1			Loss	285196	32.349008	32.634203	81	79.5
3	CNVR_104	34421834	34501432	1	1		1			Loss	79599	34.421834	34.501432	81	79.5
3	CNVR_105	37394538	38077128	15	15		13	2		Mixed	682591	37.394538	38.077128	81	79.5
3	CNVR_106	39393293	39599273	3	3		3			Loss	205981	39.393293	39.599273	81	79.5
3	CNVR_107	43068469	43433688	2	2		2			Loss	365220	43.068469	43.433688	81	79.5
3	CNVR_108	46842537	46922624	1	1		1			Loss	80088	46.842537	46.922624	81	79.5
3	CNVR_109	52147508	52212857	1	1			1		Gain	65350	52.147508	52.212857	81	79.5
3	CNVR_110	52415820	52559046	7	7		7			Loss	143227	52.41582	52.559046	81	79.5
3	CNVR_111	54369910	54956792	33	32		3	25	5	Mixed	586883	54.36991	54.956792	81	79.5
3	CNVR_112	55017187	55074485	1	1			1		Gain	57299	55.017187	55.074485	81	79.5
3	CNVR_113	55240336	55289372	1	1			1		Gain	49037	55.240336	55.289372	81	79.5
3	CNVR_114	56770061	56845685	1	1		1			Loss	75625	56.770061	56.845685	81	79.5
3	CNVR_115	59109464	59128666	2	2			2		Gain	19203	59.109464	59.128666	81	79.5
3	CNVR_116	67214358	67348877	1	1		1			Loss	134520	67.214358	67.348877	81	79.5
3	CNVR_117	68393127	68432145	1	1		1			Loss	39019	68.393127	68.432145	81	79.5
3	CNVR_118	69252656	69315385	1	1		1			Loss	62730	69.252656	69.315385	81	79.5
3	CNVR_119	69968011	69990091	1	1		1			Loss	22081	69.968011	69.990091	81	79.5
3	CNVR_120	71760025	71836680	1	1		1			Loss	76656	71.760025	71.83668	81	79.5
3	CNVR_121	91046714	91056753	1	1		1			Loss	10040	91.046714	91.056753	81	79.5
3	CNVR_122	95427776	95625202	12	12		11	1		Mixed	197427	95.427776	95.625202	81	79.5
3	CNVR_123	100880075	101202890	5	4			5		Gain	322816	100.880075	101.20289	81	79.5
3	CNVR_124	106508411	106543574	3	3		3			Loss	35164	106.508411	106.543574	81	79.5
3	CNVR_125	106808144	106833383	1	1			1		Gain	25240	106.808144	106.833383	81	79.5
3	CNVR_126	110334180	110449617	1	1		1			Loss	115438	110.33418	110.449617	81	79.5
3	CNVR_127	110558160	110617198	1	1		1			Loss	59039	110.55816	110.617198	81	79.5
3	CNVR_128	110807418	111021216	1	1		1			Loss	213799	110.807418	111.021216	81	79.5
3	CNVR_129	120478760	121383238	13	13		2	11		Mixed	904479	120.47876	121.383238	81	79.5
4	CNVR_130	154509	593711	2	2			2		Gain	439203	0.154509	0.593711	78	76.5
4	CNVR_131	1578815	2179003	2	2		1	1		Mixed	600189	1.578815	2.179003	78	76.5
4	CNVR_132	5733619	5785559	5	5		1	4		Mixed	51941	5.733619	5.785559	78	76.5
4	CNVR_133	6248795	6425277	45	45			45		Gain	176483	6.248795	6.425277	78	76.5
4	CNVR_134	7285114	7366793	1	1		1			Loss	81680	7.285114	7.366793	78	76.5
4	CNVR_135	7708368	7839646	10	10		9	1		Mixed	131279	7.708368	7.839646	78	76.5
4	CNVR_136	9094103	9324270	1	1		1			Loss	230168	9.094103	9.32427	78	76.5
4	CNVR_137	10876079	11247247	1	1		1			Loss	371169	10.876079	11.247247	78	76.5
4	CNVR_138	15994002	16260752	2	2		1	1		Mixed	266751	15.994002	16.260752	78	76.5
4	CNVR_139	17880252	18006342	22	22	1	20	1		Mixed	126091	17.880252	18.006342	78	76.5
4	CNVR_140	21094149	21413167	1	1		1			Loss	319019	21.094149	21.413167	78	76.5
4	CNVR_141	22420101	22528691	1	1		1			Loss	108591	22.420101	22.528691	78	76.5
4	CNVR_142	23849498	23883976	1	1			1		Gain	34479	23.849498	23.883976	78	76.5
4	CNVR_143	30200987	30242853	1	1		1			Loss	41867	30.200987	30.242853	78	76.5
4	CNVR_144	31032359	31075631	1	1		1			Loss	43273	31.032359	31.075631	78	76.5
4	CNVR_145	45664659	45743508	2	2		2			Loss	78850	45.664659	45.743508	78	76.5
4	CNVR_146	48688283	48870790	4	4		4			Loss	182508	48.688283	48.87079	78	76.5
4	CNVR_147	58920558	58960252	1	1		1			Loss	39695	58.920558	58.960252	78	76.5
4	CNVR_148	59216486	59237153	1	1		1			Loss	20668	59.216486	59.237153	78	76.5
4	CNVR_149	59834826	59953839	2	2			2		Gain	119014	59.834826	59.953839	78	76.5
4	CNVR_150	62606492	62638018	1	1			1		Gain	31527	62.606492	62.638018	78	76.5
4	CNVR_151	66499835	66854427	38	38		1	37		Mixed	354593	66.499835	66.854427	78	76.5
4	CNVR_152	67183757	67234109	2	2		2			Loss	50353	67.183757	67.234109	78	76.5
4	CNVR_153	68918325	69107262	1	1		1			Loss	188938	68.918325	69.107262	78	76.5
4	CNVR_154	69631486	69751713	1	1		1			Loss	120228	69.631486	69.751713	78	76.5
4	CNVR_155	72297257	72505313	24	24	1	19	4		Mixed	208057	72.297257	72.505313	78	76.5
4	CNVR_156	73676903	73758088	32	32	2	30			Loss	81186	73.676903	73.758088	78	76.5
4	CNVR_157	73957393	74042008	1	1			1		Gain	84616	73.957393	74.042008	78	76.5
4	CNVR_158	74387681	74466214	2	2		1	1		Mixed	78534	74.387681	74.466214	78	76.5
4	CNVR_159	77431071	77495451	1	1		1			Loss	64381	77.431071	77.495451	78	76.5
4	CNVR_160	82522220	82580198	1	1		1			Loss	57979	82.52222	82.580198	78	76.5
4	CNVR_161	83840022	83863944	1	1			1		Gain	23923	83.840022	83.863944	78	76.5
4	CNVR_162	84095658	84328756	2	2	1		1		Mixed	233099	84.095658	84.328756	78	76.5
4	CNVR_163	84541030	85094513	4	4		1	3		Mixed	553484	84.54103	85.094513	78	76.5
4	CNVR_164	85540665	85577545	1	1			1		Gain	36881	85.540665	85.577545	78	76.5
4	CNVR_165	91225986	91263201	2	2		2			Loss	37216	91.225986	91.263201	78	76.5
4	CNVR_166	92856133	92939988	1	1			1		Gain	83856	92.856133	92.939988	78	76.5
4	CNVR_167	94785638	95069722	1	1		1			Loss	284085	94.785638	95.069722	78	76.5
4	CNVR_168	95849454	95948437	1	1		1			Loss	98984	95.849454	95.948437	78	76.5
4	CNVR_169	96770424	96823498	3	3			2	1	Gain	53075	96.770424	96.823498	78	76.5
4	CNVR_170	97903366	98129316	1	1				1	Gain	225951	97.903366	98.129316	78	76.5
4	CNVR_171	106071501	106142458	5	5			5		Gain	70958	106.071501	106.142458	78	76.5
4	CNVR_172	106923986	106949831	3	3			3		Gain	25846	106.923986	106.949831	78	76.5
4	CNVR_173	107241054	107253901	2	2			2		Gain	12848	107.241054	107.253901	78	76.5
4	CNVR_174	113657341	113819352	10	10			10		Gain	162012	113.657341	113.819352	78	76.5
4	CNVR_175	118143048	118259316	1	1			1		Gain	116269	118.143048	118.259316	78	76.5
4	CNVR_176	119739577	119881451	2	2		1	1		Mixed	141875	119.739577	119.881451	78	76.5
5	CNVR_177	1464457	1506039	2	2		2			Loss	41583	1.464457	1.506039	75	73.5
5	CNVR_178	8328961	8399818	1	1			1		Gain	70858	8.328961	8.399818	75	73.5
5	CNVR_179	14894403	14953446	1	1		1			Loss	59044	14.894403	14.953446	75	73.5
5	CNVR_180	27214378	27287454	1	1			1		Gain	73077	27.214378	27.287454	75	73.5
5	CNVR_181	40804456	40939678	1	1		1			Loss	135223	40.804456	40.939678	75	73.5
5	CNVR_182	41973739	42085647	1	1		1			Loss	111909	41.973739	42.085647	75	73.5
5	CNVR_183	49999156	50032694	1	1		1			Loss	33539	49.999156	50.032694	75	73.5
5	CNVR_184	50295303	50411994	2	2		2			Loss	116692	50.295303	50.411994	75	73.5
5	CNVR_185	51182567	51436511	7	7		4	3		Mixed	253945	51.182567	51.436511	75	73.5
5	CNVR_186	52449737	53199157	3	3		3			Loss	749421	52.449737	53.199157	75	73.5
5	CNVR_187	54844663	55324183	1	1		1			Loss	479521	54.844663	55.324183	75	73.5
5	CNVR_188	56364658	56410718	1	1		1			Loss	46061	56.364658	56.410718	75	73.5
5	CNVR_189	58390807	58420240	3	3		3			Loss	29434	58.390807	58.42024	75	73.5
5	CNVR_190	59282478	59496240	1	1		1			Loss	213763	59.282478	59.49624	75	73.5
5	CNVR_191	60090401	60293911	1	1		1			Loss	203511	60.090401	60.293911	75	73.5
5	CNVR_192	60513092	60550857	1	1		1			Loss	37766	60.513092	60.550857	75	73.5
5	CNVR_193	80005725	80105134	1	1		1			Loss	99410	80.005725	80.105134	75	73.5
5	CNVR_194	83225843	83279905	1	1			1		Gain	54063	83.225843	83.279905	75	73.5
5	CNVR_195	93611357	93669976	20	20		13	7		Mixed	58620	93.611357	93.669976	75	73.5
5	CNVR_196	94039619	94089800	1	1			1		Gain	50182	94.039619	94.0898	75	73.5
5	CNVR_197	95822224	95908632	6	6			4	2	Gain	86409	95.822224	95.908632	75	73.5
5	CNVR_198	98095718	98144559	1	1		1			Loss	48842	98.095718	98.144559	75	73.5
5	CNVR_199	100518489	100543485	1	1		1			Loss	24997	100.518489	100.543485	75	73.5
5	CNVR_200	102779831	102925813	1	1		1			Loss	145983	102.779831	102.925813	75	73.5
5	CNVR_201	106514671	106581845	1	1		1			Loss	67175	106.514671	106.581845	75	73.5
5	CNVR_202	107489920	107615276	1	1			1		Gain	125357	107.48992	107.615276	75	73.5
5	CNVR_203	110295128	110313761	1	1			1		Gain	18634	110.295128	110.313761	75	73.5
5	CNVR_204	112302390	112435212	2	2		2			Loss	132823	112.30239	112.435212	75	73.5
5	CNVR_205	114576720	114598081	1	1			1		Gain	21362	114.57672	114.598081	75	73.5
5	CNVR_206	115010779	115061022	5	5			5		Gain	50244	115.010779	115.061022	75	73.5
5	CNVR_207	116073984	116109703	1	1		1			Loss	35720	116.073984	116.109703	75	73.5
5	CNVR_208	118174364	118475383	2	2		1	1		Mixed	301020	118.174364	118.475383	75	73.5
5	CNVR_209	119212170	121175859	42	40	10	17	15		Mixed	1963690	119.21217	121.175859	75	73.5
6	CNVR_210	363111	455000	3	3			3		Gain	91890	0.363111	0.455	72	70.5
6	CNVR_211	874205	905736	1	1		1			Loss	31532	0.874205	0.905736	72	70.5
6	CNVR_212	3333704	3434626	1	1			1		Gain	100923	3.333704	3.434626	72	70.5
6	CNVR_213	4123642	4156416	1	1		1			Loss	32775	4.123642	4.156416	72	70.5
6	CNVR_214	9087392	9380908	20	20		18	2		Mixed	293517	9.087392	9.380908	72	70.5
6	CNVR_215	9908040	10105101	2	2		1	1		Mixed	197062	9.90804	10.105101	72	70.5
6	CNVR_216	10542071	10609153	1	1			1		Gain	67083	10.542071	10.609153	72	70.5
6	CNVR_217	10973170	11537824	1	1			1		Gain	564655	10.97317	11.537824	72	70.5
6	CNVR_218	12296402	12391211	3	3		3			Loss	94810	12.296402	12.391211	72	70.5
6	CNVR_219	14930138	14972093	1	1		1			Loss	41956	14.930138	14.972093	72	70.5
6	CNVR_220	19621013	19669809	1	1			1		Gain	48797	19.621013	19.669809	72	70.5
6	CNVR_221	20198443	20229434	1	1			1		Gain	30992	20.198443	20.229434	72	70.5
6	CNVR_222	25052272	25175118	6	6		6			Loss	122847	25.052272	25.175118	72	70.5
6	CNVR_223	28625501	28733167	1	1			1		Gain	107667	28.625501	28.733167	72	70.5
6	CNVR_224	29100916	29355660	3	3		3			Loss	254745	29.100916	29.35566	72	70.5
6	CNVR_225	33509143	33781946	3	3		2	1		Mixed	272804	33.509143	33.781946	72	70.5
6	CNVR_226	35635217	35816425	1	1		1			Loss	181209	35.635217	35.816425	72	70.5
6	CNVR_227	37962382	37978802	8	8		8			Loss	16421	37.962382	37.978802	72	70.5
6	CNVR_228	38762470	38931436	9	9		4	5		Mixed	168967	38.76247	38.931436	72	70.5
6	CNVR_229	39259257	39300440	1	1			1		Gain	41184	39.259257	39.30044	72	70.5
6	CNVR_230	49818590	49869527	1	1			1		Gain	50938	49.81859	49.869527	72	70.5
6	CNVR_231	51007189	51065999	2	2		2			Loss	58811	51.007189	51.065999	72	70.5
6	CNVR_232	53581208	53787963	1	1		1			Loss	206756	53.581208	53.787963	72	70.5
6	CNVR_233	53863520	53915677	2	2		1	1		Mixed	52158	53.86352	53.915677	72	70.5
6	CNVR_234	55229280	55616565	1	1			1		Gain	387286	55.22928	55.616565	72	70.5
6	CNVR_235	55796059	55852936	2	2			2		Gain	56878	55.796059	55.852936	72	70.5
6	CNVR_236	56129705	56350739	5	5		3	2		Mixed	221035	56.129705	56.350739	72	70.5
6	CNVR_237	56481145	56563958	3	3		2	1		Mixed	82814	56.481145	56.563958	72	70.5
6	CNVR_238	56748407	56797342	1	1		1			Loss	48936	56.748407	56.797342	72	70.5
6	CNVR_239	56903453	57301902	5	5		3	1	1	Mixed	398450	56.903453	57.301902	72	70.5
6	CNVR_240	60372126	60692672	2	2		2			Loss	320547	60.372126	60.692672	72	70.5
6	CNVR_241	66209350	66472802	3	3		3			Loss	263453	66.20935	66.472802	72	70.5
6	CNVR_242	68904846	69184582	2	2		2			Loss	279737	68.904846	69.184582	72	70.5
6	CNVR_243	76687100	76788010	2	2			2		Gain	100911	76.6871	76.78801	72	70.5
6	CNVR_244	77228984	77827925	10	10		10			Loss	598942	77.228984	77.827925	72	70.5
6	CNVR_245	79273130	79426835	2	2		2			Loss	153706	79.27313	79.426835	72	70.5
6	CNVR_246	79732129	79806828	1	1			1		Gain	74700	79.732129	79.806828	72	70.5
6	CNVR_247	79901183	80276956	5	5		3	2		Mixed	375774	79.901183	80.276956	72	70.5
6	CNVR_248	80635533	80664740	4	4		4			Loss	29208	80.635533	80.66474	72	70.5
6	CNVR_249	81244871	81802044	12	12		8	3	1	Mixed	557174	81.244871	81.802044	72	70.5
6	CNVR_250	84617088	84724544	7	7		7			Loss	107457	84.617088	84.724544	72	70.5
6	CNVR_251	85838311	86012313	6	6		5	1		Mixed	174003	85.838311	86.012313	72	70.5
6	CNVR_252	86460153	86573379	2	2			2		Gain	113227	86.460153	86.573379	72	70.5
6	CNVR_253	86756256	86786552	1	1		1			Loss	30297	86.756256	86.786552	72	70.5
6	CNVR_254	90995336	91023863	2	2			2		Gain	28528	90.995336	91.023863	72	70.5
6	CNVR_255	91636147	91660390	1	1			1		Gain	24244	91.636147	91.66039	72	70.5
6	CNVR_256	92195532	92242383	1	1			1		Gain	46852	92.195532	92.242383	72	70.5
6	CNVR_257	97169385	97475077	3	3		3			Loss	305693	97.169385	97.475077	72	70.5
6	CNVR_258	104320493	104408900	1	1			1		Gain	88408	104.320493	104.4089	72	70.5
6	CNVR_259	106834002	107602097	8	7		3	5		Mixed	768096	106.834002	107.602097	72	70.5
6	CNVR_260	108026956	108093276	1	1			1		Gain	66321	108.026956	108.093276	72	70.5
6	CNVR_261	108349990	108455130	2	2			2		Gain	105141	108.34999	108.45513	72	70.5
6	CNVR_262	108805685	109722791	10	9		6	4		Mixed	917107	108.805685	109.722791	72	70.5
6	CNVR_263	117087265	117148273	1	1			1		Gain	61009	117.087265	117.148273	72	70.5
6	CNVR_264	118721760	119437258	4	4			4		Gain	715499	118.72176	119.437258	72	70.5
7	CNVR_265	169828	233662	76	76	23	37	16		Mixed	63835	0.169828	0.233662	69	67.5
7	CNVR_266	983878	989660	2	2		2			Loss	5783	0.983878	0.98966	69	67.5
7	CNVR_267	9771150	11340236	70	47	1	5	63	1	Mixed	1569087	9.77115	11.340236	69	67.5
7	CNVR_268	14822852	14859746	1	1			1		Gain	36895	14.822852	14.859746	69	67.5
7	CNVR_269	15090383	15165475	1	1		1			Loss	75093	15.090383	15.165475	69	67.5
7	CNVR_270	15340773	15408372	2	2		2			Loss	67600	15.340773	15.408372	69	67.5
7	CNVR_271	23053268	23090468	1	1		1			Loss	37201	23.053268	23.090468	69	67.5
7	CNVR_272	23224806	23260788	1	1			1		Gain	35983	23.224806	23.260788	69	67.5
7	CNVR_273	23269709	23298999	1	1			1		Gain	29291	23.269709	23.298999	69	67.5
7	CNVR_274	23302973	23323496	2	2			1	1	Gain	20524	23.302973	23.323496	69	67.5
7	CNVR_275	23872854	24693994	4	4		4			Loss	821141	23.872854	24.693994	69	67.5
7	CNVR_276	24931056	24946051	7	7			7		Gain	14996	24.931056	24.946051	69	67.5
7	CNVR_277	24982024	25111723	1	1		1			Loss	129700	24.982024	25.111723	69	67.5
7	CNVR_278	28416847	28454058	2	2		2			Loss	37212	28.416847	28.454058	69	67.5
7	CNVR_279	28583247	28621254	3	3	1		2		Mixed	38008	28.583247	28.621254	69	67.5
7	CNVR_280	33595868	33849742	4	4			4		Gain	253875	33.595868	33.849742	69	67.5
7	CNVR_281	36105942	36178539	2	2			2		Gain	72598	36.105942	36.178539	69	67.5
7	CNVR_282	37214745	37263486	8	8		8			Loss	48742	37.214745	37.263486	69	67.5
7	CNVR_283	46770810	46970000	1	1		1			Loss	199191	46.77081	46.97	69	67.5
7	CNVR_284	50233475	50261760	5	5		5			Loss	28286	50.233475	50.26176	69	67.5
7	CNVR_285	53578523	53713177	1	1			1		Gain	134655	53.578523	53.713177	69	67.5
7	CNVR_286	54848376	54966221	4	4			3	1	Gain	117846	54.848376	54.966221	69	67.5
7	CNVR_287	70621019	70822690	10	10			10		Gain	201672	70.621019	70.82269	69	67.5
7	CNVR_288	76886696	76940532	1	1		1			Loss	53837	76.886696	76.940532	69	67.5
7	CNVR_289	78913415	79012351	1	1			1		Gain	98937	78.913415	79.012351	69	67.5
7	CNVR_290	86095078	86363738	1	1		1			Loss	268661	86.095078	86.363738	69	67.5
7	CNVR_291	87113645	87656497	9	9		5	3	1	Mixed	542853	87.113645	87.656497	69	67.5
7	CNVR_292	88068262	88317307	3	3		2	1		Mixed	249046	88.068262	88.317307	69	67.5
7	CNVR_293	89294939	89342174	1	1			1		Gain	47236	89.294939	89.342174	69	67.5
7	CNVR_294	93242153	93263102	7	7		5	2		Mixed	20950	93.242153	93.263102	69	67.5
7	CNVR_295	95007095	95027313	1	1			1		Gain	20219	95.007095	95.027313	69	67.5
7	CNVR_296	104597819	104689305	2	2		1	1		Mixed	91487	104.597819	104.689305	69	67.5
7	CNVR_297	105619986	105822859	2	2			2		Gain	202874	105.619986	105.822859	69	67.5
7	CNVR_298	106081315	106131431	1	1			1		Gain	50117	106.081315	106.131431	69	67.5
7	CNVR_299	107270255	107560382	1	1		1			Loss	290128	107.270255	107.560382	69	67.5
7	CNVR_300	108121131	108325851	2	2			2		Gain	204721	108.121131	108.325851	69	67.5
7	CNVR_301	111073047	111106929	1	1			1		Gain	33883	111.073047	111.106929	69	67.5
7	CNVR_302	112479572	112610067	2	2			2		Gain	130496	112.479572	112.610067	69	67.5
8	CNVR_303	9535196	9631916	1	1		1			Loss	96721	9.535196	9.631916	66	64.5
8	CNVR_304	12985375	13030885	2	2		2			Loss	45511	12.985375	13.030885	66	64.5
8	CNVR_305	13675008	13743674	1	1			1		Gain	68667	13.675008	13.743674	66	64.5
8	CNVR_306	31926519	31948876	1	1		1			Loss	22358	31.926519	31.948876	66	64.5
8	CNVR_307	32283646	32611423	5	5		4	1		Mixed	327778	32.283646	32.611423	66	64.5
8	CNVR_308	32895255	32947777	2	2		2			Loss	52523	32.895255	32.947777	66	64.5
8	CNVR_309	35023064	35093059	1	1			1		Gain	69996	35.023064	35.093059	66	64.5
8	CNVR_310	35733768	36008038	1	1			1		Gain	274271	35.733768	36.008038	66	64.5
8	CNVR_311	37528884	37562604	1	1		1			Loss	33721	37.528884	37.562604	66	64.5
8	CNVR_312	38612645	38672654	1	1		1			Loss	60010	38.612645	38.672654	66	64.5
8	CNVR_313	41314387	41544668	3	3		3			Loss	230282	41.314387	41.544668	66	64.5
8	CNVR_314	43890714	44100329	1	1			1		Gain	209616	43.890714	44.100329	66	64.5
8	CNVR_315	44364572	44501531	2	2		2			Loss	136960	44.364572	44.501531	66	64.5
8	CNVR_316	50157265	50215945	1	1		1			Loss	58681	50.157265	50.215945	66	64.5
8	CNVR_317	75514239	75604164	1	1		1			Loss	89926	75.514239	75.604164	66	64.5
8	CNVR_318	83006556	83048502	1	1			1		Gain	41947	83.006556	83.048502	66	64.5
8	CNVR_319	83832733	83888935	1	1		1			Loss	56203	83.832733	83.888935	66	64.5
8	CNVR_320	84030299	84099596	2	2		2			Loss	69298	84.030299	84.099596	66	64.5
8	CNVR_321	88893442	88893548	19	19		2	17		Mixed	107	88.893442	88.893548	66	64.5
8	CNVR_322	89339948	89379138	1	1			1		Gain	39191	89.339948	89.379138	66	64.5
8	CNVR_323	93003301	93025439	1	1			1		Gain	22139	93.003301	93.025439	66	64.5
8	CNVR_324	93373359	93691445	4	4		1	3		Mixed	318087	93.373359	93.691445	66	64.5
8	CNVR_325	94439046	94722804	7	7		5	1	1	Mixed	283759	94.439046	94.722804	66	64.5
8	CNVR_326	100259287	100341996	1	1		1			Loss	82710	100.259287	100.341996	66	64.5
8	CNVR_327	103240741	103619063	4	4		4			Loss	378323	103.240741	103.619063	66	64.5
8	CNVR_328	108663779	108687702	1	1		1			Loss	23924	108.663779	108.687702	66	64.5
8	CNVR_329	113043285	113118348	1	1			1		Gain	75064	113.043285	113.118348	66	64.5
9	CNVR_330	1291096	1427119	2	2		2			Loss	136024	1.291096	1.427119	63	61.5
9	CNVR_331	1673728	2445262	5	5		3	2		Mixed	771535	1.673728	2.445262	63	61.5
9	CNVR_332	3018763	3115242	8	8		8			Loss	96480	3.018763	3.115242	63	61.5
9	CNVR_333	3209712	3303405	3	3		3			Loss	93694	3.209712	3.303405	63	61.5
9	CNVR_334	3458987	3481084	1	1			1		Gain	22098	3.458987	3.481084	63	61.5
9	CNVR_335	3628193	3651455	2	2		2			Loss	23263	3.628193	3.651455	63	61.5
9	CNVR_336	5443094	5489326	1	1		1			Loss	46233	5.443094	5.489326	63	61.5
9	CNVR_337	6237818	6262126	2	2		2			Loss	24309	6.237818	6.262126	63	61.5
9	CNVR_338	6671174	6933291	2	2		1	1		Mixed	262118	6.671174	6.933291	63	61.5
9	CNVR_339	7241264	7275154	2	2		2			Loss	33891	7.241264	7.275154	63	61.5
9	CNVR_340	14020737	14292992	4	4		3	1		Mixed	272256	14.020737	14.292992	63	61.5
9	CNVR_341	15619498	15647119	1	1			1		Gain	27622	15.619498	15.647119	63	61.5
9	CNVR_342	17206605	17250227	1	1		1			Loss	43623	17.206605	17.250227	63	61.5
9	CNVR_343	18769034	18871847	5	5		3	2		Mixed	102814	18.769034	18.871847	63	61.5
9	CNVR_344	22107839	22190749	1	1		1			Loss	82911	22.107839	22.190749	63	61.5
9	CNVR_345	25029971	25185694	3	3		2	1		Mixed	155724	25.029971	25.185694	63	61.5
9	CNVR_346	28640808	28662223	1	1		1			Loss	21416	28.640808	28.662223	63	61.5
9	CNVR_347	30939888	30966432	38	38	2	36			Loss	26545	30.939888	30.966432	63	61.5
9	CNVR_348	35554336	36072452	1	1			1		Gain	518117	35.554336	36.072452	63	61.5
9	CNVR_349	40765749	40830221	7	7			7		Gain	64473	40.765749	40.830221	63	61.5
9	CNVR_350	47425511	47868160	2	2		2			Loss	442650	47.425511	47.86816	63	61.5
9	CNVR_351	49256999	49398875	3	3		3			Loss	141877	49.256999	49.398875	63	61.5
9	CNVR_352	49943985	50027556	1	1			1		Gain	83572	49.943985	50.027556	63	61.5
9	CNVR_353	54216888	54317953	1	1		1			Loss	101066	54.216888	54.317953	63	61.5
9	CNVR_354	56093852	56101110	2	2		2			Loss	7259	56.093852	56.10111	63	61.5
9	CNVR_355	56381424	56490122	1	1		1			Loss	108699	56.381424	56.490122	63	61.5
9	CNVR_356	66847758	66998719	3	3		3			Loss	150962	66.847758	66.998719	63	61.5
9	CNVR_357	72773200	72882520	1	1			1		Gain	109321	72.7732	72.88252	63	61.5
9	CNVR_358	74729907	74848962	1	1		1			Loss	119056	74.729907	74.848962	63	61.5
9	CNVR_359	75348969	75454006	1	1		1			Loss	105038	75.348969	75.454006	63	61.5
9	CNVR_360	81417658	81456800	2	2			1	1	Gain	39143	81.417658	81.4568	63	61.5
9	CNVR_361	85753001	85809578	1	1			1		Gain	56578	85.753001	85.809578	63	61.5
9	CNVR_362	89800414	89847787	1	1		1			Loss	47374	89.800414	89.847787	63	61.5
9	CNVR_363	92061663	92093186	3	3		3			Loss	31524	92.061663	92.093186	63	61.5
9	CNVR_364	99626724	99658273	1	1			1		Gain	31550	99.626724	99.658273	63	61.5
9	CNVR_365	103523508	103604815	3	3		3			Loss	81308	103.523508	103.604815	63	61.5
9	CNVR_366	103984871	104050068	1	1			1		Gain	65198	103.984871	104.050068	63	61.5
9	CNVR_367	104154509	104196469	1	1		1			Loss	41961	104.154509	104.196469	63	61.5
9	CNVR_368	104986599	105035231	1	1			1		Gain	48633	104.986599	105.035231	63	61.5
