CNVR_ID	Chr	Start	End	Frequency	n_Sample
CNVR_1	1	15191489	15250173	1	1
CNVR_2	1	16446038	16604159	1	1
CNVR_3	1	16942821	17537664	2	2
CNVR_4	1	19455564	19507076	1	1
CNVR_5	1	23030390	28064356	4	4
CNVR_6	1	38870499	41759552	2	2
CNVR_7	1	47050759	49515972	3	3
CNVR_8	1	54843886	54978255	1	1
CNVR_9	1	88012422	88278205	2	2
CNVR_10	1	90408826	94679895	3	3
CNVR_11	1	122712193	123649875	1	1
CNVR_12	1	141411087	141464985	2	2
CNVR_13	1	153209819	153246471	1	1
CNVR_14	1	157678979	157699483	1	1
CNVR_128	10	2367278	2387809	1	1
CNVR_129	10	14157673	14228843	1	1
CNVR_130	10	22796412	23058608	4	4
CNVR_131	10	23223369	23703141	3	3
CNVR_132	10	24799737	25059515	1	1
CNVR_133	10	27012287	27057896	1	1
CNVR_134	10	27274195	27297496	1	1
CNVR_135	10	34858599	34914334	1	1
CNVR_136	10	53652144	53771936	1	1
CNVR_137	10	55628092	55725724	3	3
CNVR_138	10	103048740	103129795	1	1
CNVR_139	11	4207906	4256064	1	1
CNVR_140	11	16392452	18452325	1	1
CNVR_141	11	32020374	32088498	1	1
CNVR_142	11	40026791	40064479	3	3
CNVR_143	11	103314790	106498854	3	3
CNVR_144	12	34199608	34258544	1	1
CNVR_145	12	41789189	43504096	1	1
CNVR_146	12	50029062	50104867	4	4
CNVR_147	12	57541708	58330693	31	31
CNVR_148	12	58746483	58878268	5	5
CNVR_149	12	61307520	61401960	2	2
CNVR_150	12	69804346	71589418	75	71
CNVR_151	12	71657701	71701903	2	2
CNVR_152	12	71881795	72996370	31	31
CNVR_153	12	78163435	78216262	7	7
CNVR_154	12	79279720	81461384	5	5
CNVR_155	13	10297467	10395756	1	1
CNVR_156	13	12471939	12748454	2	2
CNVR_157	13	20046991	20257287	1	1
CNVR_158	13	41276409	41311826	1	1
CNVR_159	13	43322783	43433183	2	2
CNVR_160	13	53368037	53391697	1	1
CNVR_161	13	53444123	53526707	5	5
CNVR_162	13	57623027	57712686	1	1
CNVR_163	14	18391223	18812033	5	5
CNVR_164	14	32954349	32967563	1	1
CNVR_165	14	49401100	54481400	2	2
CNVR_166	14	74939721	75064248	2	2
CNVR_167	14	75956030	76005515	5	5
CNVR_168	14	76800429	76937650	2	2
CNVR_169	14	82213343	82247268	1	1
CNVR_170	15	95457	1094876	1	1
CNVR_171	15	1905039	4162300	7	7
CNVR_172	15	7642301	7687606	1	1
CNVR_173	15	12426564	12486367	1	1
CNVR_174	15	13117530	13203710	4	4
CNVR_175	15	18340522	18425348	1	1
CNVR_176	15	45962744	46354274	1	1
CNVR_177	15	47192222	47491314	12	12
CNVR_178	15	54683112	54732561	2	2
CNVR_179	15	67203221	67239891	1	1
CNVR_180	15	79048912	79611716	60	60
CNVR_181	16	3498548	3604825	1	1
CNVR_182	16	5680582	5965231	4	4
CNVR_183	16	6000309	6196805	3	3
CNVR_184	16	6368752	6434297	3	3
CNVR_185	16	10254850	10354010	1	1
CNVR_186	16	11850114	11891004	2	2
CNVR_187	16	14492399	14657972	43	43
CNVR_188	16	47122872	47239304	3	3
CNVR_189	16	60525984	60807765	18	18
CNVR_190	17	737443	2766673	4	4
CNVR_191	17	3296153	3369108	1	1
CNVR_192	17	3529726	3568506	1	1
CNVR_193	17	21967677	22060904	1	1
CNVR_194	17	26883751	27068312	3	3
CNVR_195	17	30297177	33893339	1	1
CNVR_196	17	39241835	39321476	2	2
CNVR_197	17	41446019	41709619	2	2
CNVR_198	17	46566562	46669627	4	4
CNVR_199	17	70645226	70917760	1	1
CNVR_200	17	72733715	73155293	1	1
CNVR_201	18	2776211	2824948	1	1
CNVR_202	18	15511798	15614150	1	1
CNVR_203	18	27779305	28283763	2	2
CNVR_204	18	38681894	38749636	1	1
CNVR_205	18	61330975	61495099	1	1
CNVR_206	19	7539293	7633201	3	3
CNVR_207	19	14265926	14292872	1	1
CNVR_208	19	26942729	27421507	2	2
CNVR_209	19	32754596	32871828	3	3
CNVR_210	19	50879654	50929851	1	1
CNVR_211	19	52122464	52254545	2	2
CNVR_15	2	204346	288663	1	1
CNVR_16	2	7515330	8523016	9	9
CNVR_17	2	9879504	13382039	14	14
CNVR_18	2	13567931	13637158	1	1
CNVR_19	2	27318294	27979992	21	21
CNVR_20	2	28138222	29743773	1	1
CNVR_21	2	48014334	48055631	1	1
CNVR_22	2	50234111	50310892	1	1
CNVR_23	2	55118213	58086161	2	2
CNVR_24	2	63502622	63711962	10	10
CNVR_25	2	63886842	64472720	1	1
CNVR_26	2	64631090	64733422	1	1
CNVR_27	2	66345695	69169219	1	1
CNVR_28	2	73809585	78576254	7	7
CNVR_29	2	80657530	84228252	3	3
CNVR_30	2	112037722	112088042	1	1
CNVR_212	20	1197732	1314256	6	6
CNVR_213	20	9887590	9963549	1	1
CNVR_214	20	10328272	10500984	1	1
CNVR_215	20	22209505	22213574	2	2
CNVR_216	20	22940301	22996991	1	1
CNVR_217	20	29711188	29779527	1	1
CNVR_218	20	46005764	46068249	1	1
CNVR_219	20	60069895	61363846	2	2
CNVR_220	20	61980304	62121001	2	2
CNVR_221	20	68371234	68409410	1	1
CNVR_222	21	29987	371968	2	2
CNVR_223	21	3685123	3820824	3	3
CNVR_224	21	13309827	13343949	1	1
CNVR_225	21	19657415	19765895	10	10
CNVR_226	21	29124387	29231528	1	1
CNVR_227	21	37466037	39181843	2	2
CNVR_228	21	49609843	54445195	12	10
CNVR_229	21	56957780	56964719	2	2
CNVR_230	22	9129405	9424056	1	1
CNVR_231	22	33978776	34051582	1	1
CNVR_232	22	48907762	49184065	1	1
CNVR_233	22	56788186	56811695	1	1
CNVR_234	23	591944	713131	1	1
CNVR_235	23	24836032	24892466	1	1
CNVR_236	23	25574900	25730370	56	56
CNVR_237	23	25929681	26556968	5	5
CNVR_238	23	26634448	26883703	6	6
CNVR_239	23	27494111	27795168	1	1
CNVR_240	23	28501615	28560191	1	1
CNVR_241	23	29108839	29278050	4	4
CNVR_242	23	31580954	31945721	1	1
CNVR_243	24	9887108	10004070	1	1
CNVR_244	24	12952531	13028152	7	7
CNVR_245	24	26069138	29019019	3	3
CNVR_246	24	43675875	43754506	1	1
CNVR_247	24	51887107	51918535	2	2
CNVR_248	24	57893434	57927929	1	1
CNVR_249	24	59955268	59990135	1	1
CNVR_250	25	9559212	9628737	2	2
CNVR_251	25	10068745	10097205	1	1
CNVR_252	25	17246991	17275840	1	1
CNVR_253	25	35847022	36012574	1	1
CNVR_254	25	40583579	40628353	1	1
CNVR_255	26	2969887	3026509	1	1
CNVR_256	26	3629605	3703194	1	1
CNVR_257	26	21840164	21919481	2	2
CNVR_258	26	25470807	25532406	4	4
CNVR_259	26	27737887	27804094	3	3
CNVR_260	26	28461049	28572377	1	1
CNVR_261	26	51012282	51075438	2	2
CNVR_262	27	3357687	3431190	1	1
CNVR_263	27	7940961	8009249	1	1
CNVR_264	27	9173141	13392895	1	1
CNVR_265	27	16390789	19160261	1	1
CNVR_266	27	20207643	23270710	1	1
CNVR_267	27	27374693	32180839	1	1
CNVR_268	27	45338225	45500252	1	1
CNVR_269	28	27751	466053	161	161
CNVR_270	28	7978983	8156117	1	1
CNVR_271	28	9798692	12499570	2	2
CNVR_272	28	20251683	24082828	2	2
CNVR_273	28	24427749	24461119	1	1
CNVR_274	28	35979341	36059676	1	1
CNVR_275	29	12993313	15683108	2	2
CNVR_276	29	19098109	21974417	7	7
CNVR_277	29	35954618	35999607	1	1
CNVR_278	29	46047863	46178866	2	2
CNVR_279	29	46949252	47013097	1	1
CNVR_31	3	10882916	10941192	2	2
CNVR_32	3	32754242	32767893	1	1
CNVR_33	3	37054466	41843499	1	1
CNVR_34	3	54188660	54909666	27	27
CNVR_35	3	67184325	67218474	1	1
CNVR_36	3	69516299	74015041	1	1
CNVR_37	3	80613458	80672772	1	1
CNVR_38	3	116992159	117042174	1	1
CNVR_39	3	120591261	120957517	1	1
CNVR_40	4	190991	4229759	4	4
CNVR_41	4	6305048	6534219	39	39
CNVR_42	4	16324078	18883420	3	3
CNVR_43	4	22702596	22763246	1	1
CNVR_44	4	45400553	45479387	1	1
CNVR_45	4	58226979	59276289	1	1
CNVR_46	4	59421575	59566132	3	3
CNVR_47	4	64864017	64895434	1	1
CNVR_48	4	65991776	66576959	31	31
CNVR_49	4	71904246	72048949	2	2
CNVR_50	4	73207690	73288742	2	2
CNVR_51	4	82654929	82750158	2	2
CNVR_52	4	82887750	85232259	2	2
CNVR_53	4	105149433	105304020	2	2
CNVR_54	4	112837075	113089385	3	3
CNVR_55	5	1765747	4134063	1	1
CNVR_56	5	7739220	8971047	2	2
CNVR_57	5	27040938	27114028	1	1
CNVR_58	5	37375959	37429685	1	1
CNVR_59	5	41337074	41390342	2	2
CNVR_60	5	41950245	42010622	4	4
CNVR_61	5	51397786	55263686	6	6
CNVR_62	5	57723436	59904115	2	2
CNVR_63	5	87897883	87923946	1	1
CNVR_64	5	89124173	93490294	2	2
CNVR_65	5	100134077	100195422	1	1
CNVR_66	5	102630827	103186163	8	8
CNVR_67	5	118198064	118239809	11	11
CNVR_68	5	118630779	118678860	1	1
CNVR_69	5	119706117	119762480	1	1
CNVR_70	6	1078984	1117703	1	1
CNVR_71	6	7474743	10768087	2	2
CNVR_72	6	11131845	11247607	3	3
CNVR_73	6	13669075	14620918	1	1
CNVR_74	6	18917943	18954331	1	1
CNVR_75	6	23673373	23761369	1	1
CNVR_76	6	25987389	26013592	1	1
CNVR_77	6	27802654	27842203	1	1
CNVR_78	6	30915027	35042532	2	2
CNVR_79	6	36458311	36466733	2	2
CNVR_80	6	36535012	36549240	1	1
CNVR_81	6	37819224	37860407	1	1
CNVR_82	6	38042337	38046850	1	1
CNVR_83	6	47202455	49915071	1	1
CNVR_84	6	51967451	52193551	1	1
CNVR_85	6	61752222	66011429	3	3
CNVR_86	6	69259921	69291161	2	2
CNVR_87	6	84216982	84480999	52	52
CNVR_88	6	94886288	95756736	2	2
CNVR_89	6	102542717	102646839	1	1
CNVR_90	6	110933133	110970971	1	1
CNVR_91	7	310937	374952	24	24
CNVR_92	7	8512784	10494698	41	37
CNVR_93	7	21593442	21869803	2	2
CNVR_94	7	22521430	23489956	1	1
CNVR_95	7	28207278	28329677	4	4
CNVR_96	7	31773528	34133530	6	6
CNVR_97	7	41170104	41249226	1	1
CNVR_98	7	41936355	41982734	1	1
CNVR_99	7	64069169	64117097	2	2
CNVR_100	7	68574155	68783389	5	5
CNVR_101	7	75588817	80423038	3	3
CNVR_102	7	83703710	86213365	8	8
CNVR_103	7	91120492	92627202	1	1
CNVR_104	7	98715802	98850559	1	1
CNVR_105	7	102857357	106478723	3	3
CNVR_106	7	109870217	110301720	2	2
CNVR_107	8	2008965	5147600	2	2
CNVR_108	8	17475905	21691570	1	1
CNVR_109	8	26576536	26663386	2	2
CNVR_110	8	91676913	93543992	2	2
CNVR_111	8	94260204	94496686	9	9
CNVR_112	9	2678406	2792938	3	3
CNVR_113	9	4786155	4841437	1	1
CNVR_114	9	6120381	6158396	1	1
CNVR_115	9	12645042	12730808	4	4
CNVR_116	9	13993416	14063303	1	1
CNVR_117	9	15766008	18194116	1	1
CNVR_118	9	30547032	30573582	2	2
CNVR_119	9	34887270	35923167	2	2
CNVR_120	9	35939381	36034000	1	1
CNVR_121	9	45606562	45689245	1	1
CNVR_122	9	45934644	47588878	2	2
CNVR_123	9	65604455	65685760	2	2
CNVR_124	9	78116942	79509358	1	1
CNVR_125	9	81847682	81895098	1	1
CNVR_126	9	89377321	89430687	1	1
CNVR_127	9	94501675	94536565	4	4
