CNVR_ID	Chr	Start	End	Frequency	n_Sample	0	1	3	4	Type	Length
CNVR_1	1	1556392	2086121	10	10		6	4		Mixed	529730
CNVR_2	1	5519231	5569070	1	1		1			Loss	49840
CNVR_3	1	6813154	6893254	1	1		1			Loss	80101
CNVR_4	1	7159731	7202401	1	1			1		Gain	42671
CNVR_5	1	7260253	7280774	1	1			1		Gain	20522
CNVR_6	1	9666125	9708099	1	1			1		Gain	41975
CNVR_7	1	10954721	11033253	1	1		1			Loss	78533
CNVR_8	1	14247401	14579710	7	7		2	5		Mixed	332310
CNVR_9	1	15191489	15250173	1	1	1				Loss	58685
CNVR_10	1	15408544	15492702	1	1		1			Loss	84159
CNVR_11	1	15624885	15727563	3	3		3			Loss	102679
CNVR_12	1	15990556	16114873	2	2		2			Loss	124318
CNVR_13	1	16446038	16604159	2	1			2		Gain	158122
CNVR_14	1	16817375	17537664	21	19	2	15	4		Mixed	720290
CNVR_15	1	17863023	18194846	11	11		7	4		Mixed	331824
CNVR_16	1	18918611	19206010	2	2		2			Loss	287400
CNVR_17	1	19455564	19507076	1	1			1		Gain	51513
CNVR_18	1	20541415	20566611	1	1		1			Loss	25197
CNVR_19	1	23030390	28064356	7	7		3	4		Mixed	5033967
CNVR_20	1	30659162	30840833	3	3		3			Loss	181672
CNVR_21	1	31475581	31699827	4	4		4			Loss	224247
CNVR_22	1	32073771	32180030	1	1			1		Gain	106260
CNVR_23	1	33584316	33610831	1	1		1			Loss	26516
CNVR_24	1	38112817	38181686	11	11		10	1		Mixed	68870
CNVR_25	1	38752163	38802298	1	1		1			Loss	50136
CNVR_26	1	38870499	41759552	12	10		4	7	1	Mixed	2889054
CNVR_27	1	42466675	42574052	2	2		2			Loss	107378
CNVR_28	1	42615734	42692592	3	3		3			Loss	76859
CNVR_29	1	44571298	44649313	3	3		1	2		Mixed	78016
CNVR_30	1	45090218	45146168	1	1			1		Gain	55951
CNVR_31	1	45837138	45869917	1	1			1		Gain	32780
CNVR_32	1	47050759	49515972	8	7	2	4	2		Mixed	2465214
CNVR_33	1	49952651	50064432	1	1		1			Loss	111782
CNVR_34	1	50767507	50809694	1	1		1			Loss	42188
CNVR_35	1	54843886	54978255	2	1		2			Loss	134370
CNVR_36	1	69979144	70404106	3	3		3			Loss	424963
CNVR_37	1	71238937	71380741	5	5		5			Loss	141805
CNVR_38	1	75707006	75732698	1	1		1			Loss	25693
CNVR_39	1	81343507	81416748	7	7			7		Gain	73242
CNVR_40	1	83707085	83810343	7	7		6	1		Mixed	103259
CNVR_41	1	84046023	84284676	8	8		7	1		Mixed	238654
CNVR_42	1	88012422	88278205	4	2			4		Gain	265784
CNVR_43	1	90408826	94679895	23	21		22	1		Mixed	4271070
CNVR_44	1	94782982	94804961	1	1		1			Loss	21980
CNVR_45	1	101346641	101402516	1	1		1			Loss	55876
CNVR_46	1	101612280	102089512	4	4		2	1	1	Mixed	477233
CNVR_47	1	103272899	103339600	1	1		1			Loss	66702
CNVR_48	1	104199530	104263712	1	1			1		Gain	64183
CNVR_49	1	104515879	104784023	1	1			1		Gain	268145
CNVR_50	1	104932182	105100473	1	1		1			Loss	168292
CNVR_51	1	105239570	105472672	1	1			1		Gain	233103
CNVR_52	1	115368465	115487178	1	1			1		Gain	118714
CNVR_53	1	120398043	120455085	1	1		1			Loss	57043
CNVR_54	1	122712193	123649875	9	9		4	4	1	Mixed	937683
CNVR_55	1	126520577	126747762	5	5		5			Loss	227186
CNVR_56	1	131466441	131488608	1	1		1			Loss	22168
CNVR_57	1	141411087	141464985	2	2	2				Loss	53899
CNVR_58	1	153209819	153246471	1	1	1				Loss	36653
CNVR_59	1	154336232	154445682	4	4		4			Loss	109451
CNVR_60	1	157003140	157019589	1	1			1		Gain	16450
CNVR_61	1	157665979	157775990	21	19		2	19		Mixed	110012
CNVR_62	1	157905244	157913264	1	1		1			Loss	8021
CNVR_413	10	110950	164069	1	1			1		Gain	53120
CNVR_414	10	545401	561907	1	1		1			Loss	16507
CNVR_415	10	1860161	1936953	1	1		1			Loss	76793
CNVR_416	10	2367278	2387809	4	3	2	2			Loss	20532
CNVR_417	10	6846956	6989555	1	1		1			Loss	142600
CNVR_418	10	8707331	8842897	1	1		1			Loss	135567
CNVR_419	10	9143166	9354675	2	2		2			Loss	211510
CNVR_420	10	10467395	10490050	1	1		1			Loss	22656
CNVR_421	10	11354552	11544918	5	5		5			Loss	190367
CNVR_422	10	13219798	13290512	2	2		2			Loss	70715
CNVR_423	10	14157673	14228843	2	1			2		Gain	71171
CNVR_424	10	18786999	18854031	1	1		1			Loss	67033
CNVR_425	10	18991042	19055444	1	1		1			Loss	64403
CNVR_426	10	19755228	19797770	1	1			1		Gain	42543
CNVR_427	10	21794678	21841817	2	2			2		Gain	47140
CNVR_428	10	22364061	22408227	1	1			1		Gain	44167
CNVR_429	10	22796412	23703141	34	27	5	15	13	1	Mixed	906730
CNVR_430	10	24799737	25349755	8	8	1	2	5		Mixed	550019
CNVR_431	10	27012287	27057896	1	1	1				Loss	45610
CNVR_432	10	27274195	27320537	2	1			2		Gain	46343
CNVR_433	10	28030117	28053351	1	1			1		Gain	23235
CNVR_434	10	30358059	30402170	1	1		1			Loss	44112
CNVR_435	10	34858599	34914334	1	1	1				Loss	55736
CNVR_436	10	36538466	36803995	1	1		1			Loss	265530
CNVR_437	10	41412968	41462308	1	1		1			Loss	49341
CNVR_438	10	41667967	41725845	1	1		1			Loss	57879
CNVR_439	10	42661079	42869573	5	5		4	1		Mixed	208495
CNVR_440	10	44505055	44727501	1	1		1			Loss	222447
CNVR_441	10	45411930	45807766	2	2		2			Loss	395837
CNVR_442	10	46490485	46540291	1	1			1		Gain	49807
CNVR_443	10	46609304	46637787	1	1			1		Gain	28484
CNVR_444	10	51244357	51350146	1	1		1			Loss	105790
CNVR_445	10	53652144	53794314	3	2	2	1			Loss	142171
CNVR_446	10	55628092	55725724	6	5	3	3			Loss	97633
CNVR_447	10	55907151	55929569	1	1		1			Loss	22419
CNVR_448	10	70013138	70033332	1	1			1		Gain	20195
CNVR_449	10	70597940	70702717	1	1		1			Loss	104778
CNVR_450	10	74528909	74555038	3	3		3			Loss	26130
CNVR_451	10	78515830	79265033	2	2		2			Loss	749204
CNVR_452	10	85258477	85290340	1	1		1			Loss	31864
CNVR_453	10	91944026	92089797	1	1		1			Loss	145772
CNVR_454	10	94955619	95012640	2	2			2		Gain	57022
CNVR_455	10	98493921	98513608	1	1			1		Gain	19688
CNVR_456	10	100656201	100706066	4	4			4		Gain	49866
CNVR_457	10	103030307	103129795	3	2			2	1	Gain	99489
CNVR_458	11	122657	188097	2	2			2		Gain	65441
CNVR_459	11	4195587	4256064	5	4	1	3	1		Mixed	60478
CNVR_460	11	4927530	5053266	1	1		1			Loss	125737
CNVR_461	11	9672957	9743288	1	1		1			Loss	70332
CNVR_462	11	10647533	10735565	1	1		1			Loss	88033
CNVR_463	11	14734237	15290934	5	5		5			Loss	556698
CNVR_464	11	16392452	18452325	2	2			2		Gain	2059874
CNVR_465	11	18637619	18739862	1	1		1			Loss	102244
CNVR_466	11	20285444	20327920	8	8		6	2		Mixed	42477
CNVR_467	11	21704025	21762048	1	1			1		Gain	58024
CNVR_468	11	24474675	24506755	1	1			1		Gain	32081
CNVR_469	11	25925590	26384861	1	1		1			Loss	459272
CNVR_470	11	30638168	30723344	2	2		2			Loss	85177
CNVR_471	11	32020374	32088498	1	1	1				Loss	68125
CNVR_472	11	32116162	32193449	1	1		1			Loss	77288
CNVR_473	11	34439864	34617407	1	1		1			Loss	177544
CNVR_474	11	38023147	38048799	1	1		1			Loss	25653
CNVR_475	11	38303012	38322480	1	1		1			Loss	19469
CNVR_476	11	40026791	40064479	5	3			4	1	Gain	37689
CNVR_477	11	41017384	41067983	1	1		1			Loss	50600
CNVR_478	11	52008258	52045592	1	1		1			Loss	37335
CNVR_479	11	52132672	52671438	1	1			1		Gain	538767
CNVR_480	11	52924695	53211061	1	1			1		Gain	286367
CNVR_481	11	57304568	57670923	4	4		1	3		Mixed	366356
CNVR_482	11	57957745	58497959	15	15	1	13	1		Mixed	540215
CNVR_483	11	59889002	60022605	1	1		1			Loss	133604
CNVR_484	11	62354153	62437950	3	3		1	2		Mixed	83798
CNVR_485	11	73302300	73478626	1	1		1			Loss	176327
CNVR_486	11	86989572	87117767	1	1		1			Loss	128196
CNVR_487	11	95243657	95285863	1	1		1			Loss	42207
CNVR_488	11	96567133	96748895	2	2		2			Loss	181763
CNVR_489	11	103219634	106640039	62	45		17	40	5	Mixed	3420406
CNVR_490	12	605703	953496	2	2			2		Gain	347794
CNVR_491	12	1248895	1294811	1	1		1			Loss	45917
CNVR_492	12	4516906	4564035	1	1		1			Loss	47130
CNVR_493	12	7318998	7499961	2	2		2			Loss	180964
CNVR_494	12	7717682	8004398	9	9		6	3		Mixed	286717
CNVR_495	12	8211080	8303309	1	1			1		Gain	92230
CNVR_496	12	8944702	9035851	3	3		3			Loss	91150
CNVR_497	12	10005671	10117392	5	5		5			Loss	111722
CNVR_498	12	16141245	16171675	1	1			1		Gain	30431
CNVR_499	12	18018856	18038076	1	1			1		Gain	19221
CNVR_500	12	18394407	18543051	2	2			2		Gain	148645
CNVR_501	12	18866247	18999163	2	2			2		Gain	132917
CNVR_502	12	31868243	31966327	1	1		1			Loss	98085
CNVR_503	12	32430162	32458228	1	1			1		Gain	28067
CNVR_504	12	34199608	34258544	1	1	1				Loss	58937
CNVR_505	12	40908574	41482512	6	6		6			Loss	573939
CNVR_506	12	41639204	43504096	6	5		1	5		Mixed	1864893
CNVR_507	12	44647231	44896474	3	3		2	1		Mixed	249244
CNVR_508	12	45501101	45568197	1	1		1			Loss	67097
CNVR_509	12	48651266	48790568	2	2		1	1		Mixed	139303
CNVR_510	12	49002658	49055838	2	2		2			Loss	53181
CNVR_511	12	50029062	50104867	5	5	4	1			Loss	75806
CNVR_512	12	51382264	51412073	1	1		1			Loss	29810
CNVR_513	12	52199487	52385221	2	2		2			Loss	185735
CNVR_514	12	55183342	55241442	1	1		1			Loss	58101
CNVR_515	12	57324176	57444824	2	2		1	1		Mixed	120649
CNVR_516	12	57541708	58330693	82	51	3	69	10		Mixed	788986
CNVR_517	12	58746483	58878268	11	6			11		Gain	131786
CNVR_518	12	59879124	60512165	9	9		3	6		Mixed	633042
CNVR_519	12	61248778	61401960	4	2	1	3			Loss	153183
CNVR_520	12	61581280	62049442	2	2		1	1		Mixed	468163
CNVR_521	12	62865973	62886090	3	3		3			Loss	20118
CNVR_522	12	62971636	63429741	11	10		11			Loss	458106
CNVR_523	12	63887327	63961087	1	1		1			Loss	73761
CNVR_524	12	64475721	64586228	1	1			1		Gain	110508
CNVR_525	12	69804346	71589418	213	127	25	56	131	1	Mixed	1785073
CNVR_526	12	71657701	71701903	3	3	1		2		Mixed	44203
CNVR_527	12	71820369	72996370	59	55	30	26	2	1	Mixed	1176002
CNVR_528	12	78163435	78251127	27	20	14	13			Loss	87693
CNVR_529	12	79279720	81461384	7	6	3		4		Mixed	2181665
CNVR_530	12	85225566	85267889	1	1			1		Gain	42324
CNVR_531	12	86064733	86688013	4	4			4		Gain	623281
CNVR_532	12	86794730	86830784	1	1			1		Gain	36055
CNVR_533	13	250637	585203	1	1			1		Gain	334567
CNVR_534	13	10297467	10395756	4	4	1		3		Mixed	98290
CNVR_535	13	12280490	12378558	3	3		1	2		Mixed	98069
CNVR_536	13	12471939	12748454	4	3	1		3		Mixed	276516
CNVR_537	13	17800892	17909299	3	3		2	1		Mixed	108408
CNVR_538	13	19947737	20257287	9	9	1	6	1	1	Mixed	309551
CNVR_539	13	21555041	21608958	5	5		5			Loss	53918
CNVR_540	13	24397516	24515029	1	1		1			Loss	117514
CNVR_541	13	25678465	25886779	4	4		4			Loss	208315
CNVR_542	13	27496035	27584525	2	2		2			Loss	88491
CNVR_543	13	32220177	32258616	1	1		1			Loss	38440
CNVR_544	13	33798170	33834273	1	1		1			Loss	36104
CNVR_545	13	35224775	35311031	1	1		1			Loss	86257
CNVR_546	13	40624961	40688852	2	2		2			Loss	63892
CNVR_547	13	41276409	41326933	12	12	1	3	8		Mixed	50525
CNVR_548	13	43322783	43433183	36	34			36		Gain	110401
CNVR_549	13	46435930	46522912	1	1		1			Loss	86983
CNVR_550	13	51842153	52109473	1	1		1			Loss	267321
CNVR_551	13	53368037	53391697	1	1	1				Loss	23661
CNVR_552	13	53444123	53526707	5	5	5				Loss	82585
CNVR_553	13	53954346	54135002	1	1			1		Gain	180657
CNVR_554	13	54341978	54892952	9	9			9		Gain	550975
CNVR_555	13	57367650	57558958	1	1		1			Loss	191309
CNVR_556	13	57623027	57712686	1	1	1				Loss	89660
CNVR_557	13	61361508	61444179	1	1		1			Loss	82672
CNVR_558	13	66020536	66071349	3	3		2	1		Mixed	50814
CNVR_559	13	66830214	66869864	1	1			1		Gain	39651
CNVR_560	13	73230829	73287734	1	1			1		Gain	56906
CNVR_561	14	68024	195925	2	2			2		Gain	127902
CNVR_562	14	330256	1044777	8	7	1	3	4		Mixed	714522
CNVR_563	14	1082140	1286160	2	2		1	1		Mixed	204021
CNVR_564	14	2001936	2435470	4	4			4		Gain	433535
CNVR_565	14	18391223	18812033	11	6			11		Gain	420811
CNVR_566	14	21980847	22027926	2	2			2		Gain	47080
CNVR_567	14	25111427	25127840	1	1		1			Loss	16414
CNVR_568	14	25158355	25222766	2	2		2			Loss	64412
CNVR_569	14	25725851	25780871	1	1			1		Gain	55021
CNVR_570	14	32954349	32967563	1	1	1				Loss	13215
CNVR_571	14	39032005	39522512	2	2		2			Loss	490508
CNVR_572	14	40729813	41124123	3	3		1	2		Mixed	394311
CNVR_573	14	49039384	49070135	1	1		1			Loss	30752
CNVR_574	14	49401100	54481400	16	15		9	6	1	Mixed	5080301
CNVR_575	14	58056243	58089515	1	1			1		Gain	33273
CNVR_576	14	64205475	64235532	2	2			2		Gain	30058
CNVR_577	14	64678934	65243234	4	4		4			Loss	564301
CNVR_578	14	74939721	75064248	2	2	2				Loss	124528
CNVR_579	14	75956030	76005515	36	31	10	26			Loss	49486
CNVR_580	14	76800429	76937650	5	3		4	1		Mixed	137222
CNVR_581	14	78020352	78235444	4	4		1	3		Mixed	215093
CNVR_582	14	79210961	79273581	2	2			2		Gain	62621
CNVR_583	14	79971404	80071180	1	1			1		Gain	99777
CNVR_584	14	80520573	80559335	1	1		1			Loss	38763
CNVR_585	14	81274613	81441475	1	1		1			Loss	166863
CNVR_586	14	82213343	82247268	2	1			2		Gain	33926
CNVR_587	15	95457	1094876	5	4		2	3		Mixed	999420
CNVR_588	15	1905039	4162300	21	15		10	11		Mixed	2257262
CNVR_589	15	6287730	6431790	3	3		1	2		Mixed	144061
CNVR_590	15	7642301	7687606	1	1			1		Gain	45306
CNVR_591	15	10732718	10936002	3	3		2	1		Mixed	203285
CNVR_592	15	11144666	11428390	6	6		3	3		Mixed	283725
CNVR_593	15	11668637	11788887	4	4		1	3		Mixed	120251
CNVR_594	15	12426564	12486367	1	1	1				Loss	59804
CNVR_595	15	13117530	13203710	4	4	4				Loss	86181
CNVR_596	15	13849616	13923819	1	1		1			Loss	74204
CNVR_597	15	18340522	18425348	1	1	1				Loss	84827
CNVR_598	15	20276441	20424163	2	2		2			Loss	147723
CNVR_599	15	28923329	29028800	1	1			1		Gain	105472
CNVR_600	15	29345173	29458564	1	1			1		Gain	113392
CNVR_601	15	37889488	37988924	2	2		2			Loss	99437
CNVR_602	15	44574405	44616946	1	1			1		Gain	42542
CNVR_603	15	44643305	44671060	1	1			1		Gain	27756
CNVR_604	15	44878753	44939293	1	1		1			Loss	60541
CNVR_605	15	45854304	45902669	1	1			1		Gain	48366
CNVR_606	15	45962744	46354274	3	3			3		Gain	391531
CNVR_607	15	47192222	47491314	29	24	7		22		Mixed	299093
CNVR_608	15	48371261	48467282	1	1		1			Loss	96022
CNVR_609	15	49043365	49104529	1	1			1		Gain	61165
CNVR_610	15	49593727	49642755	2	2			2		Gain	49029
CNVR_611	15	49994423	50032210	1	1			1		Gain	37788
CNVR_612	15	51514220	51644699	1	1		1			Loss	130480
CNVR_613	15	53177461	53218885	1	1		1			Loss	41425
CNVR_614	15	54683112	54732561	2	2	2				Loss	49450
CNVR_615	15	56836949	56947464	3	3		3			Loss	110516
CNVR_616	15	61839149	61855683	1	1			1		Gain	16535
CNVR_617	15	62419747	62468802	1	1		1			Loss	49056
CNVR_618	15	67203221	67239891	1	1	1				Loss	36671
CNVR_619	15	68244402	68298144	1	1			1		Gain	53743
CNVR_620	15	69759035	69984268	2	2		1	1		Mixed	225234
CNVR_621	15	70224365	70517949	6	6		5	1		Mixed	293585
CNVR_622	15	71627906	71688173	1	1			1		Gain	60268
CNVR_623	15	73422749	73494231	1	1			1		Gain	71483
CNVR_624	15	73590486	73647677	1	1		1			Loss	57192
CNVR_625	15	78804694	78852525	2	2		1	1		Mixed	47832
CNVR_626	15	78985623	79611716	153	106	8	41	102	2	Mixed	626094
CNVR_627	15	79721442	79806748	6	6		4	2		Mixed	85307
CNVR_628	15	80200073	80224913	1	1			1		Gain	24841
CNVR_629	15	82499664	82572418	1	1		1			Loss	72755
CNVR_630	15	83996173	84260383	11	11		6	5		Mixed	264211
CNVR_631	16	3498548	3604825	1	1	1				Loss	106278
CNVR_632	16	5680582	5965231	16	12	3	13			Loss	284650
CNVR_633	16	6000309	6196805	7	4			7		Gain	196497
CNVR_634	16	6368752	6434297	3	3	3				Loss	65546
CNVR_635	16	7766369	7869522	5	5		2	3		Mixed	103154
CNVR_636	16	8762686	8870689	4	4		4			Loss	108004
CNVR_637	16	10254850	10354010	2	1		2			Loss	99161
CNVR_638	16	10819641	10851355	1	1			1		Gain	31715
CNVR_639	16	11850114	11891004	2	2	2				Loss	40891
CNVR_640	16	14274292	14908704	88	57	72	7	9		Mixed	634413
CNVR_641	16	16152108	16244500	1	1		1			Loss	92393
CNVR_642	16	24076398	24156316	1	1		1			Loss	79919
CNVR_643	16	25107818	25118197	1	1			1		Gain	10380
CNVR_644	16	26388857	26461264	1	1		1			Loss	72408
CNVR_645	16	27526973	27568525	1	1		1			Loss	41553
CNVR_646	16	28154457	28321010	2	2		2			Loss	166554
CNVR_647	16	30213147	30505468	1	1		1			Loss	292322
CNVR_648	16	32754885	32852344	1	1		1			Loss	97460
CNVR_649	16	33331779	33584654	6	6		6			Loss	252876
CNVR_650	16	41147381	41217175	1	1		1			Loss	69795
CNVR_651	16	47122872	47239304	3	3	3				Loss	116433
CNVR_652	16	49148097	49674031	4	4		4			Loss	525935
CNVR_653	16	49852100	49970146	1	1			1		Gain	118047
CNVR_654	16	55212092	55344755	2	2		2			Loss	132664
CNVR_655	16	56366468	56381192	1	1			1		Gain	14725
CNVR_656	16	57251627	57343354	1	1		1			Loss	91728
CNVR_657	16	59589341	59631972	1	1		1			Loss	42632
CNVR_658	16	60525984	60807765	36	18			36		Gain	281782
CNVR_659	16	62207587	62241544	1	1			1		Gain	33958
CNVR_660	16	67025984	67146187	2	2		2			Loss	120204
CNVR_661	16	69471279	69553620	1	1			1		Gain	82342
CNVR_662	16	76153451	76228029	1	1		1			Loss	74579
CNVR_663	16	76575462	76632577	1	1		1			Loss	57116
CNVR_664	16	77499096	77612188	1	1			1		Gain	113093
CNVR_665	16	79672105	79791892	1	1		1			Loss	119788
CNVR_666	16	80040634	80102228	1	1			1		Gain	61595
CNVR_667	16	80366462	80863910	4	4			4		Gain	497449
CNVR_668	17	737443	2766673	5	5	3		2		Mixed	2029231
CNVR_669	17	3296153	3369108	1	1	1				Loss	72956
CNVR_670	17	3529726	3568506	1	1	1				Loss	38781
CNVR_671	17	6794956	6848226	3	3			3		Gain	53271
CNVR_672	17	6889742	7158121	2	2		2			Loss	268380
CNVR_673	17	7340739	7389145	1	1		1			Loss	48407
CNVR_674	17	11566347	11716513	2	2		2			Loss	150167
CNVR_675	17	21008303	21130223	4	4		4			Loss	121921
CNVR_676	17	21897242	22060904	2	2	1	1			Loss	163663
CNVR_677	17	22247424	22285369	1	1		1			Loss	37946
CNVR_678	17	22569340	23144425	10	10		8	1	1	Mixed	575086
CNVR_679	17	23576599	23614738	1	1			1		Gain	38140
CNVR_680	17	23981017	24374905	6	6		5	1		Mixed	393889
CNVR_681	17	26745200	27068312	7	6	4	3			Loss	323113
CNVR_682	17	30297177	33893339	2	2		1	1		Mixed	3596163
CNVR_683	17	34535747	34651540	1	1		1			Loss	115794
CNVR_684	17	38593860	38661101	1	1		1			Loss	67242
CNVR_685	17	39220916	39321476	55	54	5	38	12		Mixed	100561
CNVR_686	17	41446019	41709619	6	4		6			Loss	263601
CNVR_687	17	46566562	46669627	4	4	4				Loss	103066
CNVR_688	17	52077181	52109735	1	1			1		Gain	32555
CNVR_689	17	52872065	53069851	3	3		3			Loss	197787
CNVR_690	17	54062683	54228261	1	1		1			Loss	165579
CNVR_691	17	57083149	57194642	7	7			5	2	Gain	111494
CNVR_692	17	58623706	58824595	1	1		1			Loss	200890
CNVR_693	17	65721324	65796850	1	1		1			Loss	75527
CNVR_694	17	67604252	68000928	1	1		1			Loss	396677
CNVR_695	17	68015202	68055218	2	2			2		Gain	40017
CNVR_696	17	70645226	70984463	3	3			3		Gain	339238
CNVR_697	17	71355374	73155293	48	38		9	36	3	Mixed	1799920
CNVR_698	18	2776211	2824948	1	1			1		Gain	48738
CNVR_699	18	12377354	12478047	1	1			1		Gain	100694
CNVR_700	18	13303377	13371617	1	1			1		Gain	68241
CNVR_701	18	13665368	14078470	2	2		1	1		Mixed	413103
CNVR_702	18	14969884	15157858	5	5		1	4		Mixed	187975
CNVR_703	18	15491110	15821257	4	4	1	3			Loss	330148
CNVR_704	18	16771749	16803994	1	1		1			Loss	32246
CNVR_705	18	27440587	27560755	2	2		2			Loss	120169
CNVR_706	18	27726727	27759853	1	1			1		Gain	33127
CNVR_707	18	27779305	28283763	4	2			4		Gain	504459
CNVR_708	18	31931689	32028181	2	2		2			Loss	96493
CNVR_709	18	36628794	36768945	5	5		5			Loss	140152
CNVR_710	18	38681894	38749636	1	1	1				Loss	67743
CNVR_711	18	46127942	46176270	1	1			1		Gain	48329
CNVR_712	18	47977151	47994061	1	1		1			Loss	16911
CNVR_713	18	53012600	53071278	1	1			1		Gain	58679
CNVR_714	18	57057494	57106651	1	1			1		Gain	49158
CNVR_715	18	60876129	60892357	1	1			1		Gain	16229
CNVR_716	18	60943128	60951463	2	2			2		Gain	8336
CNVR_717	18	61155737	61266875	1	1			1		Gain	111139
CNVR_718	18	61330975	61495099	1	1	1				Loss	164125
CNVR_719	18	63175100	63239673	1	1			1		Gain	64574
CNVR_720	18	64353779	64377482	4	4			4		Gain	23704
CNVR_721	18	65609903	65814370	6	6			4	2	Gain	204468
CNVR_722	19	1972870	2013788	1	1		1			Loss	40919
CNVR_723	19	3194780	3219803	1	1			1		Gain	25024
CNVR_724	19	3499286	3596175	4	4		4			Loss	96890
CNVR_725	19	7539293	7633201	14	13	3	11			Loss	93909
CNVR_726	19	9613564	9753707	8	8			8		Gain	140144
CNVR_727	19	9887071	10148283	1	1		1			Loss	261213
CNVR_728	19	10196976	10227474	1	1			1		Gain	30499
CNVR_729	19	10819756	11045264	2	2			2		Gain	225509
CNVR_730	19	11112419	11346615	2	2		2			Loss	234197
CNVR_731	19	12219365	12289598	2	2			2		Gain	70234
CNVR_732	19	13678370	13749514	1	1		1			Loss	71145
CNVR_733	19	14229394	14292872	3	3	1		2		Mixed	63479
CNVR_734	19	14880730	14910992	1	1			1		Gain	30263
CNVR_735	19	17894199	17959242	2	2		2			Loss	65044
CNVR_736	19	18012136	18118339	1	1			1		Gain	106204
CNVR_737	19	21534263	21556972	1	1			1		Gain	22710
CNVR_738	19	23517073	23564582	1	1		1			Loss	47510
CNVR_739	19	24160587	24200990	1	1			1		Gain	40404
CNVR_740	19	26942729	27421507	6	5		2	3	1	Mixed	478779
CNVR_741	19	31510882	31638013	1	1		1			Loss	127132
CNVR_742	19	32754596	32871828	3	3	3				Loss	117233
CNVR_743	19	34590070	34636180	2	2	1	1			Loss	46111
CNVR_744	19	35683912	35735962	6	6		3	3		Mixed	52051
CNVR_745	19	38436540	38489966	1	1			1		Gain	53427
CNVR_746	19	41397913	41422493	1	1			1		Gain	24581
CNVR_747	19	46083610	46268549	2	2		2			Loss	184940
CNVR_748	19	46862760	47005169	1	1		1			Loss	142410
CNVR_749	19	47402508	47741795	3	3		3			Loss	339288
CNVR_750	19	49003361	49164680	1	1		1			Loss	161320
CNVR_751	19	50787009	50929851	4	4	1	2	1		Mixed	142843
CNVR_752	19	52105919	52254545	6	4		2	4		Mixed	148627
CNVR_753	19	55499960	55506254	1	1		1			Loss	6295
CNVR_754	19	55889067	55911397	1	1		1			Loss	22331
CNVR_755	19	61701944	61756520	1	1		1			Loss	54577
CNVR_756	19	62611634	62643241	8	8			8		Gain	31608
CNVR_63	2	204346	288663	2	1		2			Loss	84318
CNVR_64	2	2326560	2458209	5	5		5			Loss	131650
CNVR_65	2	7515330	8523016	9	9	8		1		Mixed	1007687
CNVR_66	2	8923646	9443359	3	3		3			Loss	519714
CNVR_67	2	9813911	13382039	24	21	13	10	1		Mixed	3568129
CNVR_68	2	13567931	13637158	1	1			1		Gain	69228
CNVR_69	2	19191623	19230960	1	1			1		Gain	39338
CNVR_70	2	19337434	19425494	2	2		2			Loss	88061
CNVR_71	2	24673731	25019765	4	4		4			Loss	346035
CNVR_72	2	25395889	25456418	2	2	1	1			Loss	60530
CNVR_73	2	26314361	26411917	10	10		8	2		Mixed	97557
CNVR_74	2	26533881	26616402	2	2		1	1		Mixed	82522
CNVR_75	2	27318294	27979992	47	24		1	46		Mixed	661699
CNVR_76	2	28138222	29743773	2	2		1	1		Mixed	1605552
CNVR_77	2	33041069	33156609	1	1		1			Loss	115541
CNVR_78	2	33210280	33237706	1	1		1			Loss	27427
CNVR_79	2	34588581	34703310	3	3		3			Loss	114730
CNVR_80	2	35747792	35793441	3	3		2	1		Mixed	45650
CNVR_81	2	36335995	36379882	4	4			4		Gain	43888
CNVR_82	2	39888509	39910074	1	1		1			Loss	21566
CNVR_83	2	41073325	41119712	1	1			1		Gain	46388
CNVR_84	2	41679485	41842234	1	1		1			Loss	162750
CNVR_85	2	41900302	42181561	1	1			1		Gain	281260
CNVR_86	2	45279148	45336061	1	1			1		Gain	56914
CNVR_87	2	48014334	48055631	2	2	1	1			Loss	41298
CNVR_88	2	50234111	50310892	1	1	1				Loss	76782
CNVR_89	2	53100190	53646984	6	6		6			Loss	546795
CNVR_90	2	55118213	58086161	10	10		6	4		Mixed	2967949
CNVR_91	2	62337521	62378856	1	1		1			Loss	41336
CNVR_92	2	63502622	63711962	51	41			51		Gain	209341
CNVR_93	2	63886842	64472720	2	1	1	1			Loss	585879
CNVR_94	2	64631090	64733422	1	1	1				Loss	102333
CNVR_95	2	66345695	69169219	2	2		1	1		Mixed	2823525
CNVR_96	2	73809585	78576254	11	10	3	1	7		Mixed	4766670
CNVR_97	2	80657530	84228252	8	8		4	4		Mixed	3570723
CNVR_98	2	91199177	91282400	1	1		1			Loss	83224
CNVR_99	2	97988530	98062823	2	2			2		Gain	74294
CNVR_100	2	108777666	108816422	1	1			1		Gain	38757
CNVR_101	2	110332803	110471585	1	1		1			Loss	138783
CNVR_102	2	112037722	112088042	1	1		1			Loss	50321
CNVR_103	2	112926020	113155761	1	1		1			Loss	229742
CNVR_104	2	114523616	114535823	5	5		5			Loss	12208
CNVR_105	2	115474795	115512459	4	4		4			Loss	37665
CNVR_106	2	119309298	119361101	2	2		2			Loss	51804
CNVR_107	2	123741216	123802863	12	12		12			Loss	61648
CNVR_108	2	129061339	129109626	2	2			2		Gain	48288
CNVR_109	2	134061066	134078189	1	1		1			Loss	17124
CNVR_110	2	135903292	136019931	1	1		1			Loss	116640
CNVR_757	20	1197732	1314256	14	8			14		Gain	116525
CNVR_758	20	1827719	1873819	1	1		1			Loss	46101
CNVR_759	20	2795101	2990892	11	11	1	4	5	1	Mixed	195792
CNVR_760	20	4442249	4487971	1	1		1			Loss	45723
CNVR_761	20	6468913	6586964	2	2		2			Loss	118052
CNVR_762	20	8742285	8771290	1	1		1			Loss	29006
CNVR_763	20	9887590	9963549	1	1	1				Loss	75960
CNVR_764	20	10328272	10500984	2	1			2		Gain	172713
CNVR_765	20	10783387	10800005	1	1		1			Loss	16619
CNVR_766	20	11409646	11453162	1	1				1	Gain	43517
CNVR_767	20	12111883	12136194	1	1			1		Gain	24312
CNVR_768	20	13653178	13677770	2	2			2		Gain	24593
CNVR_769	20	16904479	16951836	1	1		1			Loss	47358
CNVR_770	20	19517625	19626594	2	2		2			Loss	108970
CNVR_771	20	21842803	21913767	1	1		1			Loss	70965
CNVR_772	20	22209505	22213574	2	2	2				Loss	4070
CNVR_773	20	22272974	22305514	5	5		4	1		Mixed	32541
CNVR_774	20	22940301	22996991	1	1	1				Loss	56691
CNVR_775	20	23802929	23863171	1	1		1			Loss	60243
CNVR_776	20	25528151	25590025	1	1			1		Gain	61875
CNVR_777	20	29711188	29779527	1	1	1				Loss	68340
CNVR_778	20	31422941	31448781	2	2			2		Gain	25841
CNVR_779	20	33614197	33711013	2	2			2		Gain	96817
CNVR_780	20	35233378	35486670	5	5		5			Loss	253293
CNVR_781	20	36817457	37273408	2	2		2			Loss	455952
CNVR_782	20	43159533	43287639	2	2		1	1		Mixed	128107
CNVR_783	20	43773119	43882014	1	1		1			Loss	108896
CNVR_784	20	44195277	44220967	1	1			1		Gain	25691
CNVR_785	20	44992353	45148021	2	2		1	1		Mixed	155669
CNVR_786	20	45948384	46084308	4	4	1		3		Mixed	135925
CNVR_787	20	46826293	47301790	12	11		9	3		Mixed	475498
CNVR_788	20	49275867	49562973	9	9		5	4		Mixed	287107
CNVR_789	20	50292489	50297736	1	1		1			Loss	5248
CNVR_790	20	51571771	52125534	7	7		4	3		Mixed	553764
CNVR_791	20	53024269	53297742	1	1			1		Gain	273474
CNVR_792	20	53640256	53779182	1	1		1			Loss	138927
CNVR_793	20	54256478	54291088	1	1		1			Loss	34611
CNVR_794	20	54509429	54758379	3	3			3		Gain	248951
CNVR_795	20	59880963	61363846	12	12	1	8	3		Mixed	1482884
CNVR_796	20	61980304	62121001	2	2	2				Loss	140698
CNVR_797	20	67492982	67545645	1	1			1		Gain	52664
CNVR_798	20	68371234	68409410	1	1	1				Loss	38177
CNVR_799	20	69362976	69379193	1	1		1			Loss	16218
CNVR_800	20	70604423	71835589	20	20		1	19		Mixed	1231167
CNVR_801	21	29987	371968	2	2			1	1	Gain	341982
CNVR_802	21	3685123	3820824	3	3	3				Loss	135702
CNVR_803	21	12020836	12247673	3	3		3			Loss	226838
CNVR_804	21	13309827	13343949	1	1	1				Loss	34123
CNVR_805	21	17690394	17706354	1	1			1		Gain	15961
CNVR_806	21	19657415	19765895	10	10	10				Loss	108481
CNVR_807	21	20058560	20080310	1	1			1		Gain	21751
CNVR_808	21	21319480	21433856	1	1		1			Loss	114377
CNVR_809	21	22187070	22216183	1	1			1		Gain	29114
CNVR_810	21	29124387	29231528	2	1			2		Gain	107142
CNVR_811	21	30353565	30380420	1	1		1			Loss	26856
CNVR_812	21	32036695	32141178	1	1			1		Gain	104484
CNVR_813	21	32556363	32646958	2	2		1	1		Mixed	90596
CNVR_814	21	33054329	33122801	6	6		5	1		Mixed	68473
CNVR_815	21	34773019	34852830	1	1			1		Gain	79812
CNVR_816	21	37466037	39181843	6	6	1	4	1		Mixed	1715807
CNVR_817	21	41854733	41936434	2	2		2			Loss	81702
CNVR_818	21	49609843	54445195	25	21	10	10	5		Mixed	4835353
CNVR_819	21	56486641	56528040	1	1			1		Gain	41400
CNVR_820	21	56957780	56964719	2	2	2				Loss	6940
CNVR_821	21	65029870	65080143	1	1		1			Loss	50274
CNVR_822	21	65763116	65921326	1	1		1			Loss	158211
CNVR_823	21	68643064	69808854	28	24		10	17	1	Mixed	1165791
CNVR_824	22	7051424	7112947	1	1			1		Gain	61524
CNVR_825	22	9129405	9424056	2	1		2			Loss	294652
CNVR_826	22	15347292	15523954	1	1		1			Loss	176663
CNVR_827	22	16209409	16304198	1	1		1			Loss	94790
CNVR_828	22	17610020	17708467	1	1	1				Loss	98448
CNVR_829	22	27739097	27794255	1	1			1		Gain	55159
CNVR_830	22	32483637	32513622	2	2			2		Gain	29986
CNVR_831	22	33968386	34051582	2	2	1	1			Loss	83197
CNVR_832	22	34408419	34473365	3	3		3			Loss	64947
CNVR_833	22	48156339	48290928	4	4		4			Loss	134590
CNVR_834	22	48907762	49184065	2	1			2		Gain	276304
CNVR_835	22	56788186	56811695	1	1	1				Loss	23510
CNVR_836	22	58236823	59004418	4	4		1	3		Mixed	767596
CNVR_837	22	59386439	59499648	4	4		3	1		Mixed	113210
CNVR_838	22	59789766	60710593	5	5		1	4		Mixed	920828
CNVR_839	23	591944	713131	1	1	1				Loss	121188
CNVR_840	23	11303403	11415970	1	1		1			Loss	112568
CNVR_841	23	14835189	14866127	1	1			1		Gain	30939
CNVR_842	23	16521600	16640000	2	2			2		Gain	118401
CNVR_843	23	21508598	21560621	3	3		3			Loss	52024
CNVR_844	23	24836032	24892466	1	1			1		Gain	56435
CNVR_845	23	25560755	25730370	126	103	66	23	34	3	Mixed	169616
CNVR_846	23	25929681	26556968	5	5	5				Loss	627288
CNVR_847	23	26634448	26948249	11	11	6	3	2		Mixed	313802
CNVR_848	23	27494111	27795168	1	1			1		Gain	301058
CNVR_849	23	27998654	28085043	17	17			17		Gain	86390
CNVR_850	23	28501615	28560191	1	1	1				Loss	58577
CNVR_851	23	29055109	29075438	2	2			2		Gain	20330
CNVR_852	23	29108839	29325564	8	7	5	1	2		Mixed	216726
CNVR_853	23	30735048	30830954	2	2			2		Gain	95907
CNVR_854	23	30946459	30992726	1	1			1		Gain	46268
CNVR_855	23	31580954	31945721	8	6			6	2	Gain	364768
CNVR_856	23	35765336	35833673	3	3			3		Gain	68338
CNVR_857	23	39432260	39464065	1	1			1		Gain	31806
CNVR_858	23	43199690	43271085	4	4		3	1		Mixed	71396
CNVR_859	24	3251225	3263755	1	1			1		Gain	12531
CNVR_860	24	5410837	5475046	1	1		1			Loss	64210
CNVR_861	24	9887108	10004070	3	2			3		Gain	116963
CNVR_862	24	11323276	11424841	1	1			1		Gain	101566
CNVR_863	24	12855197	13028152	8	8	7		1		Mixed	172956
CNVR_864	24	13157934	13199115	1	1		1			Loss	41182
CNVR_865	24	16546106	16592238	6	6		6			Loss	46133
CNVR_866	24	20757957	20803435	1	1		1			Loss	45479
CNVR_867	24	24293597	24332155	2	2		2			Loss	38559
CNVR_868	24	26069138	29019019	24	20	2	15	6	1	Mixed	2949882
CNVR_869	24	38270530	38309166	1	1			1		Gain	38637
CNVR_870	24	41383914	41529798	2	2		2			Loss	145885
CNVR_871	24	42101316	42170842	2	2		2			Loss	69527
CNVR_872	24	43657134	43754506	2	2	1	1			Loss	97373
CNVR_873	24	49057452	49089270	1	1		1			Loss	31819
CNVR_874	24	50413316	50464102	1	1		1			Loss	50787
CNVR_875	24	51887107	51918535	2	2	2				Loss	31429
CNVR_876	24	53687442	53742189	1	1			1		Gain	54748
CNVR_877	24	57893434	57927929	1	1	1				Loss	34496
CNVR_878	24	59955268	59990135	2	1			2		Gain	34868
CNVR_879	25	208098	1769456	24	22		6	17	1	Mixed	1561359
CNVR_880	25	2337264	2422717	2	2			2		Gain	85454
CNVR_881	25	9559212	9628737	6	4			6		Gain	69526
CNVR_882	25	10046944	10097205	3	3	1	2			Loss	50262
CNVR_883	25	13475146	13533742	1	1		1			Loss	58597
CNVR_884	25	16449087	16538323	4	4		3	1		Mixed	89237
CNVR_885	25	17246991	17275840	1	1	1				Loss	28850
CNVR_886	25	35847022	36012574	2	1			2		Gain	165553
CNVR_887	25	36067948	36088574	1	1			1		Gain	20627
CNVR_888	25	39845396	39893062	1	1		1			Loss	47667
CNVR_889	25	40583579	42056885	14	11	1	5	8		Mixed	1473307
CNVR_890	26	2404154	2441939	1	1		1			Loss	37786
CNVR_891	26	2969887	3026509	1	1	1				Loss	56623
CNVR_892	26	3629605	3703194	1	1	1				Loss	73590
CNVR_893	26	4672743	4825731	3	3		2	1		Mixed	152989
CNVR_894	26	11301013	11410969	1	1			1		Gain	109957
CNVR_895	26	13723590	13779378	1	1			1		Gain	55789
CNVR_896	26	15995830	16012895	7	7		7			Loss	17066
CNVR_897	26	17667270	17714604	1	1			1		Gain	47335
CNVR_898	26	21840164	21919481	2	2	2				Loss	79318
CNVR_899	26	22144981	22386818	1	1		1			Loss	241838
CNVR_900	26	25470807	25532406	4	4	4				Loss	61600
CNVR_901	26	27737887	27804094	3	3	3				Loss	66208
CNVR_902	26	28385806	28572377	7	6	2	5			Loss	186572
CNVR_903	26	30679250	30703028	1	1		1			Loss	23779
CNVR_904	26	32977874	33046991	1	1		1			Loss	69118
CNVR_905	26	35555953	35700362	3	3			3		Gain	144410
CNVR_906	26	35829748	35904911	1	1			1		Gain	75164
CNVR_907	26	47838401	47896501	2	2		2			Loss	58101
CNVR_908	26	50637350	51091399	16	14		1	15		Mixed	454050
CNVR_909	26	51488076	51659347	1	1			1		Gain	171272
CNVR_910	27	3357687	3431190	1	1	1				Loss	73504
CNVR_911	27	7940961	8009249	1	1	1				Loss	68289
CNVR_912	27	9173141	13392895	29	26		18	8	3	Mixed	4219755
CNVR_913	27	16390789	19160261	4	4		3	1		Mixed	2769473
CNVR_914	27	20207643	23270710	3	3		1	2		Mixed	3063068
CNVR_915	27	23542996	23627544	1	1		1			Loss	84549
CNVR_916	27	27374693	32180839	4	4		3	1		Mixed	4806147
CNVR_917	27	34176183	34272250	1	1		1			Loss	96068
CNVR_918	27	34335782	34422117	1	1		1			Loss	86336
CNVR_919	27	41219117	41235779	1	1		1			Loss	16663
CNVR_920	27	43859630	43910265	2	2		2			Loss	50636
CNVR_921	27	45338225	45500252	2	1			2		Gain	162028
CNVR_922	28	27751	466053	223	173	148	23	34	18	Mixed	438303
CNVR_923	28	2101546	2141009	1	1		1			Loss	39464
CNVR_924	28	3778869	3789749	2	2			2		Gain	10881
CNVR_925	28	7978983	8204918	4	3		4			Loss	225936
CNVR_926	28	8481056	8554468	1	1		1			Loss	73413
CNVR_927	28	9798692	12499570	3	3		1	2		Mixed	2700879
CNVR_928	28	18916753	19430612	1	1		1			Loss	513860
CNVR_929	28	19507984	19563947	5	5		5			Loss	55964
CNVR_930	28	20251683	24082828	9	9		6	3		Mixed	3831146
CNVR_931	28	24340626	25229809	13	12	1	9	3		Mixed	889184
CNVR_932	28	28501081	29240599	3	3		3			Loss	739519
CNVR_933	28	29872623	30439777	1	1		1			Loss	567155
CNVR_934	28	34488152	34503680	1	1			1		Gain	15529
CNVR_935	28	34851742	34875430	2	2		1	1		Mixed	23689
CNVR_936	28	35979341	36059676	1	1	1				Loss	80336
CNVR_937	28	44038721	44071166	3	3		3			Loss	32446
CNVR_938	28	44584170	44615642	1	1			1		Gain	31473
CNVR_939	29	9400987	9599143	2	2		1	1		Mixed	198157
CNVR_940	29	12454354	12480062	1	1			1		Gain	25709
CNVR_941	29	12993313	15683108	3	3	1	1	1		Mixed	2689796
CNVR_942	29	16816497	16846552	1	1		1			Loss	30056
CNVR_943	29	19098109	21974417	20	17	4	15	1		Mixed	2876309
CNVR_944	29	29740161	29758973	3	3		3			Loss	18813
CNVR_945	29	30869036	30984935	8	8		8			Loss	115900
CNVR_946	29	33487878	33541339	2	2		2			Loss	53462
CNVR_947	29	35954618	35999607	1	1	1				Loss	44990
CNVR_948	29	38641995	38693679	1	1			1		Gain	51685
CNVR_949	29	43306962	43329844	1	1			1		Gain	22883
CNVR_950	29	45417677	45478834	2	2		2			Loss	61158
CNVR_951	29	46047863	46178866	6	5			6		Gain	131004
CNVR_952	29	46949252	47013097	1	1	1				Loss	63846
CNVR_953	29	47269242	47447458	1	1			1		Gain	178217
CNVR_954	29	48646742	51072873	10	9			10		Gain	2426132
CNVR_111	3	397758	454705	1	1			1		Gain	56948
CNVR_112	3	589618	778196	1	1		1			Loss	188579
CNVR_113	3	9737010	9759429	1	1		1			Loss	22420
CNVR_114	3	10881628	10946349	3	3	2	1			Loss	64722
CNVR_115	3	16760836	16820503	2	2		2			Loss	59668
CNVR_116	3	20706978	20756370	1	1			1		Gain	49393
CNVR_117	3	28845503	28971745	1	1		1			Loss	126243
CNVR_118	3	30350337	30396757	10	10	1	7	2		Mixed	46421
CNVR_119	3	31593802	31653812	1	1			1		Gain	60011
CNVR_120	3	32754242	32767893	1	1	1				Loss	13652
CNVR_121	3	34307747	34387819	1	1		1			Loss	80073
CNVR_122	3	37054466	41843499	17	16		15	2		Mixed	4789034
CNVR_123	3	42917941	43378710	3	3		3			Loss	460770
CNVR_124	3	51989581	52054929	1	1			1		Gain	65349
CNVR_125	3	52255164	52399331	7	7		7			Loss	144168
CNVR_126	3	54188660	54909666	61	32		5	47	9	Mixed	721007
CNVR_127	3	55075515	55124223	1	1			1		Gain	48709
CNVR_128	3	56635728	56711353	1	1		1			Loss	75626
CNVR_129	3	58919048	58938248	2	2			2		Gain	19201
CNVR_130	3	66958835	67092920	1	1		1			Loss	134086
CNVR_131	3	67184325	67218474	1	1	1				Loss	34150
CNVR_132	3	68133029	68172039	2	2		2			Loss	39011
CNVR_133	3	68994261	69057163	1	1		1			Loss	62903
CNVR_134	3	69516299	74015041	6	6		4	2		Mixed	4498743
CNVR_135	3	74880847	75012952	1	1		1			Loss	132106
CNVR_136	3	76432417	76452556	1	1			1		Gain	20140
CNVR_137	3	80613458	80672772	1	1			1		Gain	59315
CNVR_138	3	90468808	90478848	1	1		1			Loss	10041
CNVR_139	3	94818813	95038877	11	11		11			Loss	220065
CNVR_140	3	100277178	100601230	4	4			4		Gain	324053
CNVR_141	3	105906709	105941874	3	3		3			Loss	35166
CNVR_142	3	109750764	110033765	2	2		2			Loss	283002
CNVR_143	3	110225003	110438534	1	1		1			Loss	213532
CNVR_144	3	116992159	117042174	1	1	1				Loss	50016
CNVR_145	3	119893611	120957517	8	8			8		Gain	1063907
CNVR_146	4	190991	4229759	11	7		1	10		Mixed	4038769
CNVR_147	4	5815841	5868189	3	3		1	2		Mixed	52349
CNVR_148	4	6305048	6534219	84	45			84		Gain	229172
CNVR_149	4	7372107	7455891	1	1		1			Loss	83785
CNVR_150	4	7803131	7906401	10	10		9	1		Mixed	103271
CNVR_151	4	9251599	9477621	1	1		1			Loss	226023
CNVR_152	4	9623951	9706609	2	2		2			Loss	82659
CNVR_153	4	10554466	10785247	1	1		1			Loss	230782
CNVR_154	4	16324078	18883420	27	25	1	21	5		Mixed	2559343
CNVR_155	4	20430208	20477053	2	2		2			Loss	46846
CNVR_156	4	22417069	22476432	1	1		1			Loss	59364
CNVR_157	4	22702596	22763246	1	1	1				Loss	60651
CNVR_158	4	23905307	23939782	1	1			1		Gain	34476
CNVR_159	4	24769941	24787234	3	3		3			Loss	17294
CNVR_160	4	38458460	38499800	1	1			1		Gain	41341
CNVR_161	4	41346098	41419880	1	1		1			Loss	73783
CNVR_162	4	43528807	43588911	1	1			1		Gain	60105
CNVR_163	4	45400553	45479387	3	2	1	2			Loss	78835
CNVR_164	4	46212366	46311240	1	1		1			Loss	98875
CNVR_165	4	48408851	48591927	4	4		4			Loss	183077
CNVR_166	4	50042121	50170138	1	1			1		Gain	128018
CNVR_167	4	54019025	54278625	3	3		3			Loss	259601
CNVR_168	4	58226979	59276289	3	3		2	1		Mixed	1049311
CNVR_169	4	59421575	59566132	6	3			6		Gain	144558
CNVR_170	4	62197348	62228844	1	1			1		Gain	31497
CNVR_171	4	64864017	64895434	1	1	1				Loss	31418
CNVR_172	4	65991776	66576959	71	38		1	70		Mixed	585184
CNVR_173	4	66753486	66803742	2	2		2			Loss	50257
CNVR_174	4	68465623	68705234	2	2		1	1		Mixed	239612
CNVR_175	4	71900384	72048949	11	9		10	1		Mixed	148566
CNVR_176	4	73129045	73288742	41	39	4	37			Loss	159698
CNVR_177	4	73487044	73571440	1	1			1		Gain	84397
CNVR_178	4	73907386	74003192	2	2			2		Gain	95807
CNVR_179	4	74657252	74678087	1	1			1		Gain	20836
CNVR_180	4	75223728	75278775	1	1		1			Loss	55048
CNVR_181	4	76717317	76815010	1	1		1			Loss	97694
CNVR_182	4	77973448	78071301	1	1			1		Gain	97854
CNVR_183	4	82654929	82750158	2	2			2		Gain	95230
CNVR_184	4	82887750	85232259	14	12	1	3	10		Mixed	2344510
CNVR_185	4	90431047	90468283	2	2		2			Loss	37237
CNVR_186	4	92050350	92129716	1	1			1		Gain	79367
CNVR_187	4	95067685	95166666	2	2		2			Loss	98982
CNVR_188	4	96998183	97277561	1	1				1	Gain	279379
CNVR_189	4	105149433	105304020	6	5			6		Gain	154588
CNVR_190	4	106108030	106133947	3	3			3		Gain	25918
CNVR_191	4	106422540	106435387	2	2			2		Gain	12848
CNVR_192	4	109506472	109533204	1	1			1		Gain	26733
CNVR_193	4	112837075	113089385	12	9			12		Gain	252311
CNVR_194	4	115362693	115381846	2	2			2		Gain	19154
CNVR_195	4	117362940	117480000	1	1			1		Gain	117061
CNVR_196	5	1481839	1533449	1	1		1			Loss	51611
CNVR_197	5	1765747	4134063	1	1			1		Gain	2368317
CNVR_198	5	7739220	8971047	2	2			2		Gain	1231828
CNVR_199	5	11370216	11551233	1	1		1			Loss	181018
CNVR_200	5	14819458	14878496	2	2		2			Loss	59039
CNVR_201	5	27040938	27114028	2	1			2		Gain	73091
CNVR_202	5	27670995	27685526	1	1			1		Gain	14532
CNVR_203	5	29594972	29606401	1	1			1		Gain	11430
CNVR_204	5	37375959	37429685	1	1	1				Loss	53727
CNVR_205	5	40559187	40689866	1	1		1			Loss	130680
CNVR_206	5	41337074	41390342	2	2	2				Loss	53269
CNVR_207	5	41739940	41856142	1	1		1			Loss	116203
CNVR_208	5	41950245	42010622	4	4	4				Loss	60378
CNVR_209	5	49769854	49803392	1	1		1			Loss	33539
CNVR_210	5	50066009	50182992	1	1		1			Loss	116984
CNVR_211	5	50956526	51204033	6	6		3	3		Mixed	247508
CNVR_212	5	51397786	55263686	11	10		5	6		Mixed	3865901
CNVR_213	5	56035754	56081838	1	1		1			Loss	46085
CNVR_214	5	57723436	59953158	8	7		6	2		Mixed	2229723
CNVR_215	5	64116108	64230589	1	1		1			Loss	114482
CNVR_216	5	87897883	87923946	2	1		2			Loss	26064
CNVR_217	5	89124173	93490294	24	24		15	9		Mixed	4366122
CNVR_218	5	93611048	93661305	1	1			1		Gain	50258
CNVR_219	5	95376929	95494887	7	7		1	4	2	Mixed	117959
CNVR_220	5	97624572	97673415	1	1		1			Loss	48844
CNVR_221	5	100100898	100409257	2	2			1	1	Gain	308360
CNVR_222	5	101977430	102029541	11	11		1	10		Mixed	52112
CNVR_223	5	102317408	102463152	1	1		1			Loss	145745
CNVR_224	5	102630827	103186163	9	8	7		2		Mixed	555337
CNVR_225	5	106022933	106090114	1	1		1			Loss	67182
CNVR_226	5	106990076	107114180	1	1			1		Gain	124105
CNVR_227	5	109783129	109801761	1	1			1		Gain	18633
CNVR_228	5	111781297	111914115	2	2		2			Loss	132819
CNVR_229	5	113908560	113929923	1	1			1		Gain	21364
CNVR_230	5	114595880	114640633	5	5			5		Gain	44754
CNVR_231	5	115346239	115381438	1	1		1			Loss	35200
CNVR_232	5	116466547	116483271	2	2			2		Gain	16725
CNVR_233	5	116828442	116894325	1	1		1			Loss	65884
CNVR_234	5	117061847	117365223	2	2		1	1		Mixed	303377
CNVR_235	5	118094837	120071585	70	58	22	34	13	1	Mixed	1976749
CNVR_236	6	377725	481936	4	4			4		Gain	104212
CNVR_237	6	898495	929478	1	1		1			Loss	30984
CNVR_238	6	1078984	1117703	1	1	1				Loss	38720
CNVR_239	6	3348603	3447118	1	1			1		Gain	98516
CNVR_240	6	4884823	4907277	1	1			1		Gain	22455
CNVR_241	6	7474743	10768087	22	16		16	6		Mixed	3293345
CNVR_242	6	11131845	11247607	6	3		6			Loss	115763
CNVR_243	6	13669075	14620918	1	1			1		Gain	951844
CNVR_244	6	18364684	18413478	1	1			1		Gain	48795
CNVR_245	6	18917943	18955466	2	2	1		1		Mixed	37524
CNVR_246	6	23673373	23807252	7	6		7			Loss	133880
CNVR_247	6	25987389	26013592	1	1	1				Loss	26204
CNVR_248	6	27204121	27311786	1	1			1		Gain	107666
CNVR_249	6	27672686	27932016	9	8	1	8			Loss	259331
CNVR_250	6	30915027	35042532	7	7	1	4	2		Mixed	4127506
CNVR_251	6	35810085	35868374	1	1		1			Loss	58290
CNVR_252	6	36458311	36466733	2	2	2				Loss	8423
CNVR_253	6	36535012	36551432	9	8		9			Loss	16421
CNVR_254	6	37136794	37145522	2	2			2		Gain	8729
CNVR_255	6	37328528	37384980	2	2			2		Gain	56453
CNVR_256	6	37403224	37536990	3	3		1	2		Mixed	133767
CNVR_257	6	37819224	37860407	2	1			2		Gain	41184
CNVR_258	6	38042337	38046850	1	1	1				Loss	4514
CNVR_259	6	39652421	39825526	1	1		1			Loss	173106
CNVR_260	6	47202455	49915071	5	5		1	4		Mixed	2712617
CNVR_261	6	51955052	52193551	3	2		3			Loss	238500
CNVR_262	6	52267908	52320441	4	4		3	1		Mixed	52534
CNVR_263	6	53621155	53661568	1	1		1			Loss	40414
CNVR_264	6	54185052	54243442	5	5		2	3		Mixed	58391
CNVR_265	6	54520169	54741260	6	6		5	1		Mixed	221092
CNVR_266	6	54895952	54952310	1	1		1			Loss	56359
CNVR_267	6	55123673	55172459	1	1		1			Loss	48787
CNVR_268	6	55277164	55675135	6	6		4	1	1	Mixed	397972
CNVR_269	6	58726504	59015036	1	1		1			Loss	288533
CNVR_270	6	61752222	66011429	7	7		4	3		Mixed	4259208
CNVR_271	6	67471713	67537362	2	2		2			Loss	65650
CNVR_272	6	69259921	69291161	2	2	2				Loss	31241
CNVR_273	6	74055110	74326833	1	1			1		Gain	271724
CNVR_274	6	75035526	75136430	2	2			2		Gain	100905
CNVR_275	6	75576260	76179944	10	10		10			Loss	603685
CNVR_276	6	77611108	77764419	2	2		2			Loss	153312
CNVR_277	6	78066538	78137497	1	1			1		Gain	70960
CNVR_278	6	78200335	78594363	7	7		3	4		Mixed	394029
CNVR_279	6	78934676	78963886	4	4		4			Loss	29211
CNVR_280	6	79138335	80077784	11	11		6	4	1	Mixed	939450
CNVR_281	6	80296438	80425423	1	1		1			Loss	128986
CNVR_282	6	81960519	81996207	1	1		1			Loss	35689
CNVR_283	6	82283005	82474111	1	1		1			Loss	191107
CNVR_284	6	82895900	83003450	8	8		8			Loss	107551
CNVR_285	6	84203997	84480999	56	56	52	3	1		Mixed	277003
CNVR_286	6	84734130	84847352	2	2			2		Gain	113223
CNVR_287	6	85029289	85059442	1	1		1			Loss	30154
CNVR_288	6	89886763	89911008	1	1			1		Gain	24246
CNVR_289	6	90459046	90505918	1	1			1		Gain	46873
CNVR_290	6	94886288	95756736	5	5	1	3	1		Mixed	870449
CNVR_291	6	102542717	102646839	2	1			2		Gain	104123
CNVR_292	6	110933133	110970971	1	1	1				Loss	37839
CNVR_293	6	113734699	113753509	1	1			1		Gain	18811
CNVR_294	6	113950763	115559907	9	8		3	5	1	Mixed	1609145
CNVR_295	6	116502046	116604041	1	1			1		Gain	101996
CNVR_296	6	116669816	117767753	9	8		4	4	1	Mixed	1097938
CNVR_297	7	302318	435584	105	81	46	42	17		Mixed	133267
CNVR_298	7	1080046	1085828	2	2		2			Loss	5783
CNVR_299	7	8512784	10694692	112	47	2	5	105		Mixed	2181909
CNVR_300	7	13697805	13734002	1	1			1		Gain	36198
CNVR_301	7	14032208	14079651	2	2		2			Loss	47444
CNVR_302	7	19895604	19964975	1	1			1		Gain	69372
CNVR_303	7	21593442	21869803	4	3		4			Loss	276362
CNVR_304	7	21927815	21963795	1	1			1		Gain	35981
CNVR_305	7	21972718	22003609	1	1			1		Gain	30892
CNVR_306	7	22007584	22028121	2	2			1	1	Gain	20538
CNVR_307	7	22521430	23489956	4	3		4			Loss	968527
CNVR_308	7	23726597	23741599	7	7			7		Gain	15003
CNVR_309	7	23777525	23909364	1	1		1			Loss	131840
CNVR_310	7	27125730	27164197	2	2		2			Loss	38468
CNVR_311	7	27289094	27323816	2	2			2		Gain	34723
CNVR_312	7	28207278	28329677	5	4	5				Loss	122400
CNVR_313	7	29632170	29715806	1	1		1			Loss	83637
CNVR_314	7	30148992	30221996	1	1		1			Loss	73005
CNVR_315	7	31773528	34133530	11	7		1	10		Mixed	2360003
CNVR_316	7	34703029	34849454	3	3			3		Gain	146426
CNVR_317	7	35861973	35908827	8	8		8			Loss	46855
CNVR_318	7	38226065	38417700	1	1		1			Loss	191636
CNVR_319	7	41170104	41249226	1	1	1				Loss	79123
CNVR_320	7	41766797	41803776	5	5		5			Loss	36980
CNVR_321	7	41936355	41982734	31	30			31		Gain	46380
CNVR_322	7	43792866	43820298	1	1		1			Loss	27433
CNVR_323	7	48637966	48666251	5	5		5			Loss	28286
CNVR_324	7	51895416	52030052	1	1			1		Gain	134637
CNVR_325	7	63986651	63993856	1	1			1		Gain	7206
CNVR_326	7	64069169	64117097	2	2	2				Loss	47929
CNVR_327	7	68038227	68126506	1	1		1			Loss	88280
CNVR_328	7	68574155	68783389	15	10			15		Gain	209235
CNVR_329	7	75588817	80423038	4	4	1		3		Mixed	4834222
CNVR_330	7	83703710	86213365	25	22	6	10	6	3	Mixed	2509656
CNVR_331	7	86947630	86986302	1	1			1		Gain	38673
CNVR_332	7	90843162	90863630	3	3		2	1		Mixed	20469
CNVR_333	7	91120492	92627202	2	2			2		Gain	1506711
CNVR_334	7	98715802	98850559	2	1	2				Loss	134758
CNVR_335	7	102857357	106478723	10	8	1	4	5		Mixed	3621367
CNVR_336	7	109870217	110301720	4	2			4		Gain	431504
CNVR_337	8	2008965	5147600	2	2			2		Gain	3138636
CNVR_338	8	9684395	9780883	1	1		1			Loss	96489
CNVR_339	8	13077137	13122647	2	2		2			Loss	45511
CNVR_340	8	17475905	21691570	2	2		1	1		Mixed	4215666
CNVR_341	8	26576536	26663386	2	2	2				Loss	86851
CNVR_342	8	32197901	32662197	9	9		8	1		Mixed	464297
CNVR_343	8	32806816	32858506	2	2		2			Loss	51691
CNVR_344	8	34951876	34993695	1	1			1		Gain	41820
CNVR_345	8	35116935	35365281	1	1			1		Gain	248347
CNVR_346	8	37331265	37364984	1	1		1			Loss	33720
CNVR_347	8	38363220	38420499	1	1		1			Loss	57280
CNVR_348	8	41033208	41261675	3	3		3			Loss	228468
CNVR_349	8	43615936	43824913	1	1			1		Gain	208978
CNVR_350	8	49847676	49906165	1	1		1			Loss	58490
CNVR_351	8	74218630	74308553	1	1		1			Loss	89924
CNVR_352	8	81613969	81655976	1	1			1		Gain	42008
CNVR_353	8	82609588	82677709	2	2		2			Loss	68122
CNVR_354	8	91370047	91391939	1	1			1		Gain	21893
CNVR_355	8	91640710	93543992	17	11		7	8	2	Mixed	1903283
CNVR_356	8	94169835	94496686	13	11	13				Loss	326852
CNVR_357	8	101535908	101914044	4	4		4			Loss	378137
CNVR_358	8	111620772	111672008	1	1			1		Gain	51237
CNVR_359	8	113222022	113255527	5	5		1	4		Mixed	33506
CNVR_360	9	173760	222508	2	2		2			Loss	48749
CNVR_361	9	1232090	1407386	2	2		2			Loss	175297
CNVR_362	9	1608298	2388286	3	3		2	1		Mixed	779989
CNVR_363	9	2678406	2792938	3	3	3				Loss	114533
CNVR_364	9	2941607	3042012	3	3		3			Loss	100406
CNVR_365	9	3132080	3414493	4	4		2	2		Mixed	282414
CNVR_366	9	3559450	3580288	2	2		2			Loss	20839
CNVR_367	9	3973893	4089125	3	3		3			Loss	115233
CNVR_368	9	4786155	4841437	1	1	1				Loss	55283
CNVR_369	9	5362298	5408530	1	1		1			Loss	46233
CNVR_370	9	6120381	6158396	3	3	1	2			Loss	38016
CNVR_371	9	6547715	6782725	1	1		1			Loss	235011
CNVR_372	9	7097350	7215840	3	3		2	1		Mixed	118491
CNVR_373	9	12645042	12730808	4	4	4				Loss	85767
CNVR_374	9	13809560	13921073	1	1			1		Gain	111514
CNVR_375	9	13993416	14079882	7	6	2	4	1		Mixed	86467
CNVR_376	9	15766008	18194116	2	2			2		Gain	2428109
CNVR_377	9	18547078	18650496	8	8		6	2		Mixed	103419
CNVR_378	9	24739623	24872710	3	3		2	1		Mixed	133088
CNVR_379	9	28284086	28305499	1	1		1			Loss	21414
CNVR_380	9	30547032	30573582	39	37	4	35			Loss	26551
CNVR_381	9	34887270	35923167	3	2			3		Gain	1035898
CNVR_382	9	35939381	36034000	1	1	1				Loss	94620
CNVR_383	9	40282917	40345809	7	7			7		Gain	62893
CNVR_384	9	45606562	45689245	1	1	1				Loss	82684
CNVR_385	9	45934644	47588878	5	5		3	2		Mixed	1654235
CNVR_386	9	47868930	47921833	1	1		1			Loss	52904
CNVR_387	9	49224046	49366561	1	1			1		Gain	142516
CNVR_388	9	50321700	50390151	1	1		1			Loss	68452
CNVR_389	9	51545402	51588928	4	4		2	2		Mixed	43527
CNVR_390	9	53435870	53586319	2	2		1	1		Mixed	150450
CNVR_391	9	55258768	55266028	2	2		2			Loss	7261
CNVR_392	9	55537105	55645778	1	1		1			Loss	108674
CNVR_393	9	60765441	60813474	1	1			1		Gain	48034
CNVR_394	9	65604455	65685760	7	7	2	5			Loss	81306
CNVR_395	9	65885583	66036771	3	3		3			Loss	151189
CNVR_396	9	68293784	68313927	1	1		1			Loss	20144
CNVR_397	9	71761625	71867488	1	1			1		Gain	105864
CNVR_398	9	73729142	73848491	1	1		1			Loss	119350
CNVR_399	9	74344115	74447886	1	1		1			Loss	103772
CNVR_400	9	78116942	79509358	1	1			1		Gain	1392417
CNVR_401	9	79635272	79745361	1	1		1			Loss	110090
CNVR_402	9	80376639	80415149	2	2			1	1	Gain	38511
CNVR_403	9	81847682	81895098	1	1	1				Loss	47417
CNVR_404	9	88636634	88684552	2	2		2			Loss	47919
CNVR_405	9	89377321	89430687	1	1	1				Loss	53367
CNVR_406	9	90715541	90747056	3	3		3			Loss	31516
CNVR_407	9	92507446	92528200	1	1		1			Loss	20755
CNVR_408	9	94501675	94536565	4	4	4				Loss	34891
CNVR_409	9	98170529	98202076	1	1			1		Gain	31548
CNVR_410	9	102050512	102068573	2	2		2			Loss	18062
CNVR_411	9	102582381	102615677	1	1		1			Loss	33297
CNVR_412	9	104218103	104379663	2	2			2		Gain	161561
