CNVR_ID	Chr	Start	End	Frequency	n_Sample	0	1	3	4	Type	Length
CNVR_43	1	90408826	94679895	23	21	NA	22	1	NA	Mixed	4271070
CNVR_429	10	22796412	23703141	34	27	5	15	13	1	Mixed	906730
CNVR_489	11	103219634	106640039	62	45	NA	17	40	5	Mixed	3420406
CNVR_516	12	57541708	58330693	82	51	3	69	10	NA	Mixed	788986
CNVR_525	12	69804346	71589418	213	127	25	56	131	1	Mixed	1785073
CNVR_527	12	71820369	72996370	59	55	30	26	2	1	Mixed	1176002
CNVR_528	12	78163435	78251127	27	20	14	13	NA	NA	Loss	87693
CNVR_548	13	43322783	43433183	36	34	NA	NA	36	NA	Gain	110401
CNVR_579	14	75956030	76005515	36	31	10	26	NA	NA	Loss	49486
CNVR_607	15	47192222	47491314	29	24	7	NA	22	NA	Mixed	299093
CNVR_626	15	78985623	79611716	153	106	8	41	102	2	Mixed	626094
CNVR_640	16	14274292	14908704	88	57	72	7	9	NA	Mixed	634413
CNVR_685	17	39220916	39321476	55	54	5	38	12	NA	Mixed	100561
CNVR_697	17	71355374	73155293	48	38	NA	9	36	3	Mixed	1799920
CNVR_67	2	9813911	13382039	24	21	13	10	1	NA	Mixed	3568129
CNVR_75	2	27318294	27979992	47	24	NA	1	46	NA	Mixed	661699
CNVR_92	2	63502622	63711962	51	41	NA	NA	51	NA	Gain	209341
CNVR_800	20	70604423	71835589	20	20	NA	1	19	NA	Mixed	1231167
CNVR_818	21	49609843	54445195	25	21	10	10	5	NA	Mixed	4835353
CNVR_823	21	68643064	69808854	28	24	NA	10	17	1	Mixed	1165791
CNVR_845	23	25560755	25730370	126	103	66	23	34	3	Mixed	169616
CNVR_868	24	26069138	29019019	24	20	2	15	6	1	Mixed	2949882
CNVR_879	25	208098	1769456	24	22	NA	6	17	1	Mixed	1561359
CNVR_912	27	9173141	13392895	29	26	NA	18	8	3	Mixed	4219755
CNVR_922	28	27751	466053	223	173	148	23	34	18	Mixed	438303
CNVR_126	3	54188660	54909666	61	32	NA	5	47	9	Mixed	721007
CNVR_148	4	6305048	6534219	84	45	NA	NA	84	NA	Gain	229172
CNVR_154	4	16324078	18883420	27	25	1	21	5	NA	Mixed	2559343
CNVR_172	4	65991776	66576959	71	38	NA	1	70	NA	Mixed	585184
CNVR_176	4	73129045	73288742	41	39	4	37	NA	NA	Loss	159698
CNVR_217	5	89124173	93490294	24	24	NA	15	9	NA	Mixed	4366122
CNVR_235	5	118094837	120071585	70	58	22	34	13	1	Mixed	1976749
CNVR_285	6	84203997	84480999	56	56	52	3	1	NA	Mixed	277003
CNVR_297	7	302318	435584	105	81	46	42	17	NA	Mixed	133267
CNVR_299	7	8512784	10694692	112	47	2	5	105	NA	Mixed	2181909
CNVR_321	7	41936355	41982734	31	30	NA	NA	31	NA	Gain	46380
CNVR_330	7	83703710	86213365	25	22	6	10	6	3	Mixed	2509656
CNVR_380	9	30547032	30573582	39	37	4	35	NA	NA	Loss	26551
