Chr	CNVR_ID	Start	End	Frequency	n_Sample	0	1	3	4	Type	Length	start_left	end_right	chr_top	chr_bottom
1	CNVR_1	15191489	15250173	1	1	1				Loss	58685	15.191489	15.250173	87	85.5
1	CNVR_2	16446038	16604159	1	1			1		Gain	158122	16.446038	16.604159	87	85.5
1	CNVR_3	16942821	17537664	2	2	1	1			Loss	594844	16.942821	17.537664	87	85.5
1	CNVR_4	19455564	19507076	1	1			1		Gain	51513	19.455564	19.507076	87	85.5
1	CNVR_5	23030390	28064356	4	4			4		Gain	5033967	23.03039	28.064356	87	85.5
1	CNVR_6	38870499	41759552	2	2			1	1	Gain	2889054	38.870499	41.759552	87	85.5
1	CNVR_7	47050759	49515972	3	3	2		1		Mixed	2465214	47.050759	49.515972	87	85.5
1	CNVR_8	54843886	54978255	1	1		1			Loss	134370	54.843886	54.978255	87	85.5
1	CNVR_9	88012422	88278205	2	2			2		Gain	265784	88.012422	88.278205	87	85.5
1	CNVR_10	90408826	94679895	3	3		2	1		Mixed	4271070	90.408826	94.679895	87	85.5
1	CNVR_11	122712193	123649875	1	1				1	Gain	937683	122.712193	123.649875	87	85.5
1	CNVR_12	141411087	141464985	2	2	2				Loss	53899	141.411087	141.464985	87	85.5
1	CNVR_13	153209819	153246471	1	1	1				Loss	36653	153.209819	153.246471	87	85.5
1	CNVR_14	157678979	157699483	1	1			1		Gain	20505	157.678979	157.699483	87	85.5
10	CNVR_128	2367278	2387809	1	1	1				Loss	20532	2.367278	2.387809	60	58.5
10	CNVR_129	14157673	14228843	1	1			1		Gain	71171	14.157673	14.228843	60	58.5
10	CNVR_130	22796412	23058608	4	4	3		1		Mixed	262197	22.796412	23.058608	60	58.5
10	CNVR_131	23223369	23703141	3	3	1	1		1	Mixed	479773	23.223369	23.703141	60	58.5
10	CNVR_132	24799737	25059515	1	1	1				Loss	259779	24.799737	25.059515	60	58.5
10	CNVR_133	27012287	27057896	1	1	1				Loss	45610	27.012287	27.057896	60	58.5
10	CNVR_134	27274195	27297496	1	1			1		Gain	23302	27.274195	27.297496	60	58.5
10	CNVR_135	34858599	34914334	1	1	1				Loss	55736	34.858599	34.914334	60	58.5
10	CNVR_136	53652144	53771936	1	1	1				Loss	119793	53.652144	53.771936	60	58.5
10	CNVR_137	55628092	55725724	3	3	3				Loss	97633	55.628092	55.725724	60	58.5
10	CNVR_138	103048740	103129795	1	1				1	Gain	81056	103.04874	103.129795	60	58.5
11	CNVR_139	4207906	4256064	1	1	1				Loss	48159	4.207906	4.256064	57	55.5
11	CNVR_140	16392452	18452325	1	1			1		Gain	2059874	16.392452	18.452325	57	55.5
11	CNVR_141	32020374	32088498	1	1	1				Loss	68125	32.020374	32.088498	57	55.5
11	CNVR_142	40026791	40064479	3	3			2	1	Gain	37689	40.026791	40.064479	57	55.5
11	CNVR_143	103314790	106498854	3	3		1	1	1	Mixed	3184065	103.31479	106.498854	57	55.5
12	CNVR_144	34199608	34258544	1	1	1				Loss	58937	34.199608	34.258544	54	52.5
12	CNVR_145	41789189	43504096	1	1			1		Gain	1714908	41.789189	43.504096	54	52.5
12	CNVR_146	50029062	50104867	4	4	4				Loss	75806	50.029062	50.104867	54	52.5
12	CNVR_147	57541708	58330693	31	31	2	27	2		Mixed	788986	57.541708	58.330693	54	52.5
12	CNVR_148	58746483	58878268	5	5			5		Gain	131786	58.746483	58.878268	54	52.5
12	CNVR_149	61307520	61401960	2	2	1	1			Loss	94441	61.30752	61.40196	54	52.5
12	CNVR_150	69804346	71589418	75	71	19	7	48	1	Mixed	1785073	69.804346	71.589418	54	52.5
12	CNVR_151	71657701	71701903	2	2	1		1		Mixed	44203	71.657701	71.701903	54	52.5
12	CNVR_152	71881795	72996370	31	31	29	1		1	Mixed	1114576	71.881795	72.99637	54	52.5
12	CNVR_153	78163435	78216262	7	7	7				Loss	52828	78.163435	78.216262	54	52.5
12	CNVR_154	79279720	81461384	5	5	3		2		Mixed	2181665	79.27972	81.461384	54	52.5
13	CNVR_155	10297467	10395756	1	1	1				Loss	98290	10.297467	10.395756	51	49.5
13	CNVR_156	12471939	12748454	2	2	1		1		Mixed	276516	12.471939	12.748454	51	49.5
13	CNVR_157	20046991	20257287	1	1	1				Loss	210297	20.046991	20.257287	51	49.5
13	CNVR_158	41276409	41311826	1	1	1				Loss	35418	41.276409	41.311826	51	49.5
13	CNVR_159	43322783	43433183	2	2			2		Gain	110401	43.322783	43.433183	51	49.5
13	CNVR_160	53368037	53391697	1	1	1				Loss	23661	53.368037	53.391697	51	49.5
13	CNVR_161	53444123	53526707	5	5	5				Loss	82585	53.444123	53.526707	51	49.5
13	CNVR_162	57623027	57712686	1	1	1				Loss	89660	57.623027	57.712686	51	49.5
14	CNVR_163	18391223	18812033	5	5			5		Gain	420811	18.391223	18.812033	48	46.5
14	CNVR_164	32954349	32967563	1	1	1				Loss	13215	32.954349	32.967563	48	46.5
14	CNVR_165	49401100	54481400	2	2			1	1	Gain	5080301	49.4011	54.4814	48	46.5
14	CNVR_166	74939721	75064248	2	2	2				Loss	124528	74.939721	75.064248	48	46.5
14	CNVR_167	75956030	76005515	5	5	5				Loss	49486	75.95603	76.005515	48	46.5
14	CNVR_168	76800429	76937650	2	2		2			Loss	137222	76.800429	76.93765	48	46.5
14	CNVR_169	82213343	82247268	1	1			1		Gain	33926	82.213343	82.247268	48	46.5
15	CNVR_170	95457	1094876	1	1			1		Gain	999420	0.095457	1.094876	45	43.5
15	CNVR_171	1905039	4162300	7	7		5	2		Mixed	2257262	1.905039	4.1623	45	43.5
15	CNVR_172	7642301	7687606	1	1			1		Gain	45306	7.642301	7.687606	45	43.5
15	CNVR_173	12426564	12486367	1	1	1				Loss	59804	12.426564	12.486367	45	43.5
15	CNVR_174	13117530	13203710	4	4	4				Loss	86181	13.11753	13.20371	45	43.5
15	CNVR_175	18340522	18425348	1	1	1				Loss	84827	18.340522	18.425348	45	43.5
15	CNVR_176	45962744	46354274	1	1			1		Gain	391531	45.962744	46.354274	45	43.5
15	CNVR_177	47192222	47491314	12	12	7		5		Mixed	299093	47.192222	47.491314	45	43.5
15	CNVR_178	54683112	54732561	2	2	2				Loss	49450	54.683112	54.732561	45	43.5
15	CNVR_179	67203221	67239891	1	1	1				Loss	36671	67.203221	67.239891	45	43.5
15	CNVR_180	79048912	79611716	60	60	5	6	47	2	Mixed	562805	79.048912	79.611716	45	43.5
16	CNVR_181	3498548	3604825	1	1	1				Loss	106278	3.498548	3.604825	42	40.5
16	CNVR_182	5680582	5965231	4	4	2	2			Loss	284650	5.680582	5.965231	42	40.5
16	CNVR_183	6000309	6196805	3	3			3		Gain	196497	6.000309	6.196805	42	40.5
16	CNVR_184	6368752	6434297	3	3	3				Loss	65546	6.368752	6.434297	42	40.5
16	CNVR_185	10254850	10354010	1	1		1			Loss	99161	10.25485	10.35401	42	40.5
16	CNVR_186	11850114	11891004	2	2	2				Loss	40891	11.850114	11.891004	42	40.5
16	CNVR_187	14492399	14657972	43	43	43				Loss	165574	14.492399	14.657972	42	40.5
16	CNVR_188	47122872	47239304	3	3	3				Loss	116433	47.122872	47.239304	42	40.5
16	CNVR_189	60525984	60807765	18	18			18		Gain	281782	60.525984	60.807765	42	40.5
17	CNVR_190	737443	2766673	4	4	3		1		Mixed	2029231	0.737443	2.766673	39	37.5
17	CNVR_191	3296153	3369108	1	1	1				Loss	72956	3.296153	3.369108	39	37.5
17	CNVR_192	3529726	3568506	1	1	1				Loss	38781	3.529726	3.568506	39	37.5
17	CNVR_193	21967677	22060904	1	1	1				Loss	93228	21.967677	22.060904	39	37.5
17	CNVR_194	26883751	27068312	3	3	3				Loss	184562	26.883751	27.068312	39	37.5
17	CNVR_195	30297177	33893339	1	1			1		Gain	3596163	30.297177	33.893339	39	37.5
17	CNVR_196	39241835	39321476	2	2	2				Loss	79642	39.241835	39.321476	39	37.5
17	CNVR_197	41446019	41709619	2	2		2			Loss	263601	41.446019	41.709619	39	37.5
17	CNVR_198	46566562	46669627	4	4	4				Loss	103066	46.566562	46.669627	39	37.5
17	CNVR_199	70645226	70917760	1	1			1		Gain	272535	70.645226	70.91776	39	37.5
17	CNVR_200	72733715	73155293	1	1			1		Gain	421579	72.733715	73.155293	39	37.5
18	CNVR_201	2776211	2824948	1	1			1		Gain	48738	2.776211	2.824948	36	34.5
18	CNVR_202	15511798	15614150	1	1	1				Loss	102353	15.511798	15.61415	36	34.5
18	CNVR_203	27779305	28283763	2	2			2		Gain	504459	27.779305	28.283763	36	34.5
18	CNVR_204	38681894	38749636	1	1	1				Loss	67743	38.681894	38.749636	36	34.5
18	CNVR_205	61330975	61495099	1	1	1				Loss	164125	61.330975	61.495099	36	34.5
19	CNVR_206	7539293	7633201	3	3	3				Loss	93909	7.539293	7.633201	33	31.5
19	CNVR_207	14265926	14292872	1	1	1				Loss	26947	14.265926	14.292872	33	31.5
19	CNVR_208	26942729	27421507	2	2			1	1	Gain	478779	26.942729	27.421507	33	31.5
19	CNVR_209	32754596	32871828	3	3	3				Loss	117233	32.754596	32.871828	33	31.5
19	CNVR_210	50879654	50929851	1	1	1				Loss	50198	50.879654	50.929851	33	31.5
19	CNVR_211	52122464	52254545	2	2			2		Gain	132082	52.122464	52.254545	33	31.5
2	CNVR_15	204346	288663	1	1		1			Loss	84318	0.204346	0.288663	84	82.5
2	CNVR_16	7515330	8523016	9	9	8		1		Mixed	1007687	7.51533	8.523016	84	82.5
2	CNVR_17	9879504	13382039	14	14	13		1		Mixed	3502536	9.879504	13.382039	84	82.5
2	CNVR_18	13567931	13637158	1	1			1		Gain	69228	13.567931	13.637158	84	82.5
2	CNVR_19	27318294	27979992	21	21			21		Gain	661699	27.318294	27.979992	84	82.5
2	CNVR_20	28138222	29743773	1	1			1		Gain	1605552	28.138222	29.743773	84	82.5
2	CNVR_21	48014334	48055631	1	1	1				Loss	41298	48.014334	48.055631	84	82.5
2	CNVR_22	50234111	50310892	1	1	1				Loss	76782	50.234111	50.310892	84	82.5
2	CNVR_23	55118213	58086161	2	2			2		Gain	2967949	55.118213	58.086161	84	82.5
2	CNVR_24	63502622	63711962	10	10			10		Gain	209341	63.502622	63.711962	84	82.5
2	CNVR_25	63886842	64472720	1	1	1				Loss	585879	63.886842	64.47272	84	82.5
2	CNVR_26	64631090	64733422	1	1	1				Loss	102333	64.63109	64.733422	84	82.5
2	CNVR_27	66345695	69169219	1	1			1		Gain	2823525	66.345695	69.169219	84	82.5
2	CNVR_28	73809585	78576254	7	7	3		4		Mixed	4766670	73.809585	78.576254	84	82.5
2	CNVR_29	80657530	84228252	3	3			3		Gain	3570723	80.65753	84.228252	84	82.5
2	CNVR_30	112037722	112088042	1	1		1			Loss	50321	112.037722	112.088042	84	82.5
20	CNVR_212	1197732	1314256	6	6			6		Gain	116525	1.197732	1.314256	30	28.5
20	CNVR_213	9887590	9963549	1	1	1				Loss	75960	9.88759	9.963549	30	28.5
20	CNVR_214	10328272	10500984	1	1			1		Gain	172713	10.328272	10.500984	30	28.5
20	CNVR_215	22209505	22213574	2	2	2				Loss	4070	22.209505	22.213574	30	28.5
20	CNVR_216	22940301	22996991	1	1	1				Loss	56691	22.940301	22.996991	30	28.5
20	CNVR_217	29711188	29779527	1	1	1				Loss	68340	29.711188	29.779527	30	28.5
20	CNVR_218	46005764	46068249	1	1	1				Loss	62486	46.005764	46.068249	30	28.5
20	CNVR_219	60069895	61363846	2	2	1		1		Mixed	1293952	60.069895	61.363846	30	28.5
20	CNVR_220	61980304	62121001	2	2	2				Loss	140698	61.980304	62.121001	30	28.5
20	CNVR_221	68371234	68409410	1	1	1				Loss	38177	68.371234	68.40941	30	28.5
21	CNVR_222	29987	371968	2	2			1	1	Gain	341982	0.029987	0.371968	27	25.5
21	CNVR_223	3685123	3820824	3	3	3				Loss	135702	3.685123	3.820824	27	25.5
21	CNVR_224	13309827	13343949	1	1	1				Loss	34123	13.309827	13.343949	27	25.5
21	CNVR_225	19657415	19765895	10	10	10				Loss	108481	19.657415	19.765895	27	25.5
21	CNVR_226	29124387	29231528	1	1			1		Gain	107142	29.124387	29.231528	27	25.5
21	CNVR_227	37466037	39181843	2	2	1		1		Mixed	1715807	37.466037	39.181843	27	25.5
21	CNVR_228	49609843	54445195	12	10	10	1	1		Mixed	4835353	49.609843	54.445195	27	25.5
21	CNVR_229	56957780	56964719	2	2	2				Loss	6940	56.95778	56.964719	27	25.5
22	CNVR_230	9129405	9424056	1	1		1			Loss	294652	9.129405	9.424056	24	22.5
22	CNVR_231	33978776	34051582	1	1	1				Loss	72807	33.978776	34.051582	24	22.5
22	CNVR_232	48907762	49184065	1	1			1		Gain	276304	48.907762	49.184065	24	22.5
22	CNVR_233	56788186	56811695	1	1	1				Loss	23510	56.788186	56.811695	24	22.5
23	CNVR_234	591944	713131	1	1	1				Loss	121188	0.591944	0.713131	21	19.5
23	CNVR_235	24836032	24892466	1	1			1		Gain	56435	24.836032	24.892466	21	19.5
23	CNVR_236	25574900	25730370	56	56	53		1	2	Mixed	155471	25.5749	25.73037	21	19.5
23	CNVR_237	25929681	26556968	5	5	5				Loss	627288	25.929681	26.556968	21	19.5
23	CNVR_238	26634448	26883703	6	6	6				Loss	249256	26.634448	26.883703	21	19.5
23	CNVR_239	27494111	27795168	1	1			1		Gain	301058	27.494111	27.795168	21	19.5
23	CNVR_240	28501615	28560191	1	1	1				Loss	58577	28.501615	28.560191	21	19.5
23	CNVR_241	29108839	29278050	4	4	4				Loss	169212	29.108839	29.27805	21	19.5
23	CNVR_242	31580954	31945721	1	1			1		Gain	364768	31.580954	31.945721	21	19.5
24	CNVR_243	9887108	10004070	1	1			1		Gain	116963	9.887108	10.00407	18	16.5
24	CNVR_244	12952531	13028152	7	7	7				Loss	75622	12.952531	13.028152	18	16.5
24	CNVR_245	26069138	29019019	3	3	1		1	1	Mixed	2949882	26.069138	29.019019	18	16.5
24	CNVR_246	43675875	43754506	1	1	1				Loss	78632	43.675875	43.754506	18	16.5
24	CNVR_247	51887107	51918535	2	2	2				Loss	31429	51.887107	51.918535	18	16.5
24	CNVR_248	57893434	57927929	1	1	1				Loss	34496	57.893434	57.927929	18	16.5
24	CNVR_249	59955268	59990135	1	1			1		Gain	34868	59.955268	59.990135	18	16.5
25	CNVR_250	9559212	9628737	2	2			2		Gain	69526	9.559212	9.628737	15	13.5
25	CNVR_251	10068745	10097205	1	1	1				Loss	28461	10.068745	10.097205	15	13.5
25	CNVR_252	17246991	17275840	1	1	1				Loss	28850	17.246991	17.27584	15	13.5
25	CNVR_253	35847022	36012574	1	1			1		Gain	165553	35.847022	36.012574	15	13.5
25	CNVR_254	40583579	40628353	1	1	1				Loss	44775	40.583579	40.628353	15	13.5
26	CNVR_255	2969887	3026509	1	1	1				Loss	56623	2.969887	3.026509	12	10.5
26	CNVR_256	3629605	3703194	1	1	1				Loss	73590	3.629605	3.703194	12	10.5
26	CNVR_257	21840164	21919481	2	2	2				Loss	79318	21.840164	21.919481	12	10.5
26	CNVR_258	25470807	25532406	4	4	4				Loss	61600	25.470807	25.532406	12	10.5
26	CNVR_259	27737887	27804094	3	3	3				Loss	66208	27.737887	27.804094	12	10.5
26	CNVR_260	28461049	28572377	1	1	1				Loss	111329	28.461049	28.572377	12	10.5
26	CNVR_261	51012282	51075438	2	2			2		Gain	63157	51.012282	51.075438	12	10.5
27	CNVR_262	3357687	3431190	1	1	1				Loss	73504	3.357687	3.43119	9	7.5
27	CNVR_263	7940961	8009249	1	1	1				Loss	68289	7.940961	8.009249	9	7.5
27	CNVR_264	9173141	13392895	1	1			1		Gain	4219755	9.173141	13.392895	9	7.5
27	CNVR_265	16390789	19160261	1	1			1		Gain	2769473	16.390789	19.160261	9	7.5
27	CNVR_266	20207643	23270710	1	1			1		Gain	3063068	20.207643	23.27071	9	7.5
27	CNVR_267	27374693	32180839	1	1			1		Gain	4806147	27.374693	32.180839	9	7.5
27	CNVR_268	45338225	45500252	1	1			1		Gain	162028	45.338225	45.500252	9	7.5
28	CNVR_269	27751	466053	161	161	132		12	17	Mixed	438303	0.027751	0.466053	6	4.5
28	CNVR_270	7978983	8156117	1	1		1			Loss	177135	7.978983	8.156117	6	4.5
28	CNVR_271	9798692	12499570	2	2			2		Gain	2700879	9.798692	12.49957	6	4.5
28	CNVR_272	20251683	24082828	2	2			2		Gain	3831146	20.251683	24.082828	6	4.5
28	CNVR_273	24427749	24461119	1	1	1				Loss	33371	24.427749	24.461119	6	4.5
28	CNVR_274	35979341	36059676	1	1	1				Loss	80336	35.979341	36.059676	6	4.5
29	CNVR_275	12993313	15683108	2	2	1		1		Mixed	2689796	12.993313	15.683108	3	1.5
29	CNVR_276	19098109	21974417	7	7	4	2	1		Mixed	2876309	19.098109	21.974417	3	1.5
29	CNVR_277	35954618	35999607	1	1	1				Loss	44990	35.954618	35.999607	3	1.5
29	CNVR_278	46047863	46178866	2	2			2		Gain	131004	46.047863	46.178866	3	1.5
29	CNVR_279	46949252	47013097	1	1	1				Loss	63846	46.949252	47.013097	3	1.5
3	CNVR_31	10882916	10941192	2	2	2				Loss	58277	10.882916	10.941192	81	79.5
3	CNVR_32	32754242	32767893	1	1	1				Loss	13652	32.754242	32.767893	81	79.5
3	CNVR_33	37054466	41843499	1	1			1		Gain	4789034	37.054466	41.843499	81	79.5
3	CNVR_34	54188660	54909666	27	27		2	23	2	Mixed	721007	54.18866	54.909666	81	79.5
3	CNVR_35	67184325	67218474	1	1	1				Loss	34150	67.184325	67.218474	81	79.5
3	CNVR_36	69516299	74015041	1	1			1		Gain	4498743	69.516299	74.015041	81	79.5
3	CNVR_37	80613458	80672772	1	1			1		Gain	59315	80.613458	80.672772	81	79.5
3	CNVR_38	116992159	117042174	1	1	1				Loss	50016	116.992159	117.042174	81	79.5
3	CNVR_39	120591261	120957517	1	1			1		Gain	366257	120.591261	120.957517	81	79.5
4	CNVR_40	190991	4229759	4	4			4		Gain	4038769	0.190991	4.229759	78	76.5
4	CNVR_41	6305048	6534219	39	39			39		Gain	229172	6.305048	6.534219	78	76.5
4	CNVR_42	16324078	18883420	3	3			3		Gain	2559343	16.324078	18.88342	78	76.5
4	CNVR_43	22702596	22763246	1	1	1				Loss	60651	22.702596	22.763246	78	76.5
4	CNVR_44	45400553	45479387	1	1	1				Loss	78835	45.400553	45.479387	78	76.5
4	CNVR_45	58226979	59276289	1	1			1		Gain	1049311	58.226979	59.276289	78	76.5
4	CNVR_46	59421575	59566132	3	3			3		Gain	144558	59.421575	59.566132	78	76.5
4	CNVR_47	64864017	64895434	1	1	1				Loss	31418	64.864017	64.895434	78	76.5
4	CNVR_48	65991776	66576959	31	31			31		Gain	585184	65.991776	66.576959	78	76.5
4	CNVR_49	71904246	72048949	2	2		2			Loss	144704	71.904246	72.048949	78	76.5
4	CNVR_50	73207690	73288742	2	2	2				Loss	81053	73.20769	73.288742	78	76.5
4	CNVR_51	82654929	82750158	2	2			2		Gain	95230	82.654929	82.750158	78	76.5
4	CNVR_52	82887750	85232259	2	2			2		Gain	2344510	82.88775	85.232259	78	76.5
4	CNVR_53	105149433	105304020	2	2			2		Gain	154588	105.149433	105.30402	78	76.5
4	CNVR_54	112837075	113089385	3	3			3		Gain	252311	112.837075	113.089385	78	76.5
5	CNVR_55	1765747	4134063	1	1			1		Gain	2368317	1.765747	4.134063	75	73.5
5	CNVR_56	7739220	8971047	2	2			2		Gain	1231828	7.73922	8.971047	75	73.5
5	CNVR_57	27040938	27114028	1	1			1		Gain	73091	27.040938	27.114028	75	73.5
5	CNVR_58	37375959	37429685	1	1	1				Loss	53727	37.375959	37.429685	75	73.5
5	CNVR_59	41337074	41390342	2	2	2				Loss	53269	41.337074	41.390342	75	73.5
5	CNVR_60	41950245	42010622	4	4	4				Loss	60378	41.950245	42.010622	75	73.5
5	CNVR_61	51397786	55263686	6	6			6		Gain	3865901	51.397786	55.263686	75	73.5
5	CNVR_62	57723436	59904115	2	2			2		Gain	2180680	57.723436	59.904115	75	73.5
5	CNVR_63	87897883	87923946	1	1		1			Loss	26064	87.897883	87.923946	75	73.5
5	CNVR_64	89124173	93490294	2	2			2		Gain	4366122	89.124173	93.490294	75	73.5
5	CNVR_65	100134077	100195422	1	1				1	Gain	61346	100.134077	100.195422	75	73.5
5	CNVR_66	102630827	103186163	8	8	7		1		Mixed	555337	102.630827	103.186163	75	73.5
5	CNVR_67	118198064	118239809	11	11	11				Loss	41746	118.198064	118.239809	75	73.5
5	CNVR_68	118630779	118678860	1	1	1				Loss	48082	118.630779	118.67886	75	73.5
5	CNVR_69	119706117	119762480	1	1				1	Gain	56364	119.706117	119.76248	75	73.5
6	CNVR_70	1078984	1117703	1	1	1				Loss	38720	1.078984	1.117703	72	70.5
6	CNVR_71	7474743	10768087	2	2			2		Gain	3293345	7.474743	10.768087	72	70.5
6	CNVR_72	11131845	11247607	3	3		3			Loss	115763	11.131845	11.247607	72	70.5
6	CNVR_73	13669075	14620918	1	1			1		Gain	951844	13.669075	14.620918	72	70.5
6	CNVR_74	18917943	18954331	1	1	1				Loss	36389	18.917943	18.954331	72	70.5
6	CNVR_75	23673373	23761369	1	1		1			Loss	87997	23.673373	23.761369	72	70.5
6	CNVR_76	25987389	26013592	1	1	1				Loss	26204	25.987389	26.013592	72	70.5
6	CNVR_77	27802654	27842203	1	1	1				Loss	39550	27.802654	27.842203	72	70.5
6	CNVR_78	30915027	35042532	2	2	1		1		Mixed	4127506	30.915027	35.042532	72	70.5
6	CNVR_79	36458311	36466733	2	2	2				Loss	8423	36.458311	36.466733	72	70.5
6	CNVR_80	36535012	36549240	1	1		1			Loss	14229	36.535012	36.54924	72	70.5
6	CNVR_81	37819224	37860407	1	1			1		Gain	41184	37.819224	37.860407	72	70.5
6	CNVR_82	38042337	38046850	1	1	1				Loss	4514	38.042337	38.04685	72	70.5
6	CNVR_83	47202455	49915071	1	1			1		Gain	2712617	47.202455	49.915071	72	70.5
6	CNVR_84	51967451	52193551	1	1		1			Loss	226101	51.967451	52.193551	72	70.5
6	CNVR_85	61752222	66011429	3	3			3		Gain	4259208	61.752222	66.011429	72	70.5
6	CNVR_86	69259921	69291161	2	2	2				Loss	31241	69.259921	69.291161	72	70.5
6	CNVR_87	84216982	84480999	52	52	52				Loss	264018	84.216982	84.480999	72	70.5
6	CNVR_88	94886288	95756736	2	2	1		1		Mixed	870449	94.886288	95.756736	72	70.5
6	CNVR_89	102542717	102646839	1	1			1		Gain	104123	102.542717	102.646839	72	70.5
6	CNVR_90	110933133	110970971	1	1	1				Loss	37839	110.933133	110.970971	72	70.5
7	CNVR_91	310937	374952	24	24	23	1			Loss	64016	0.310937	0.374952	69	67.5
7	CNVR_92	8512784	10494698	41	37	1		40		Mixed	1981915	8.512784	10.494698	69	67.5
7	CNVR_93	21593442	21869803	2	2		2			Loss	276362	21.593442	21.869803	69	67.5
7	CNVR_94	22521430	23489956	1	1		1			Loss	968527	22.52143	23.489956	69	67.5
7	CNVR_95	28207278	28329677	4	4	4				Loss	122400	28.207278	28.329677	69	67.5
7	CNVR_96	31773528	34133530	6	6			6		Gain	2360003	31.773528	34.13353	69	67.5
7	CNVR_97	41170104	41249226	1	1	1				Loss	79123	41.170104	41.249226	69	67.5
7	CNVR_98	41936355	41982734	1	1			1		Gain	46380	41.936355	41.982734	69	67.5
7	CNVR_99	64069169	64117097	2	2	2				Loss	47929	64.069169	64.117097	69	67.5
7	CNVR_100	68574155	68783389	5	5			5		Gain	209235	68.574155	68.783389	69	67.5
7	CNVR_101	75588817	80423038	3	3	1		2		Mixed	4834222	75.588817	80.423038	69	67.5
7	CNVR_102	83703710	86213365	8	8	6		1	1	Mixed	2509656	83.70371	86.213365	69	67.5
7	CNVR_103	91120492	92627202	1	1			1		Gain	1506711	91.120492	92.627202	69	67.5
7	CNVR_104	98715802	98850559	1	1	1				Loss	134758	98.715802	98.850559	69	67.5
7	CNVR_105	102857357	106478723	3	3	1		2		Mixed	3621367	102.857357	106.478723	69	67.5
7	CNVR_106	109870217	110301720	2	2			2		Gain	431504	109.870217	110.30172	69	67.5
8	CNVR_107	2008965	5147600	2	2			2		Gain	3138636	2.008965	5.1476	66	64.5
8	CNVR_108	17475905	21691570	1	1			1		Gain	4215666	17.475905	21.69157	66	64.5
8	CNVR_109	26576536	26663386	2	2	2				Loss	86851	26.576536	26.663386	66	64.5
8	CNVR_110	91676913	93543992	2	2		1		1	Mixed	1867080	91.676913	93.543992	66	64.5
8	CNVR_111	94260204	94496686	9	9	9				Loss	236483	94.260204	94.496686	66	64.5
9	CNVR_112	2678406	2792938	3	3	3				Loss	114533	2.678406	2.792938	63	61.5
9	CNVR_113	4786155	4841437	1	1	1				Loss	55283	4.786155	4.841437	63	61.5
9	CNVR_114	6120381	6158396	1	1	1				Loss	38016	6.120381	6.158396	63	61.5
9	CNVR_115	12645042	12730808	4	4	4				Loss	85767	12.645042	12.730808	63	61.5
9	CNVR_116	13993416	14063303	1	1	1				Loss	69888	13.993416	14.063303	63	61.5
9	CNVR_117	15766008	18194116	1	1			1		Gain	2428109	15.766008	18.194116	63	61.5
9	CNVR_118	30547032	30573582	2	2	2				Loss	26551	30.547032	30.573582	63	61.5
9	CNVR_119	34887270	35923167	2	2			2		Gain	1035898	34.88727	35.923167	63	61.5
9	CNVR_120	35939381	36034000	1	1	1				Loss	94620	35.939381	36.034	63	61.5
9	CNVR_121	45606562	45689245	1	1	1				Loss	82684	45.606562	45.689245	63	61.5
9	CNVR_122	45934644	47588878	2	2		1	1		Mixed	1654235	45.934644	47.588878	63	61.5
9	CNVR_123	65604455	65685760	2	2	2				Loss	81306	65.604455	65.68576	63	61.5
9	CNVR_124	78116942	79509358	1	1			1		Gain	1392417	78.116942	79.509358	63	61.5
9	CNVR_125	81847682	81895098	1	1	1				Loss	47417	81.847682	81.895098	63	61.5
9	CNVR_126	89377321	89430687	1	1	1				Loss	53367	89.377321	89.430687	63	61.5
9	CNVR_127	94501675	94536565	4	4	4				Loss	34891	94.501675	94.536565	63	61.5
